../../.git/annex/objects/75/P7/SHA256E-s8863279--fa143383285774d4552e23b2b32ea7d0009483f6be92482c92b5219f6dcd3e8f.tsv/SHA256E-s8863279--fa143383285774d4552e23b2b32ea7d0009483f6be92482c92b5219f6dcd3e8f.tsv