Node	DMN_LABEL_1	Vis_LABEL_2	FP_LABEL_3	Aud_LABEL_4	Tpole_LABEL_5	PMN_LABEL_6	PON_LABEL_7	MTL_LABEL_8	PON_LABEL_9	CO_LABEL_10	Sal_LABEL_11	CO_LABEL_12	SMd_LABEL_13	SMl_LABEL_14	DAN_LABEL_15	DMN_LABEL_16	CO_LABEL_17	DMN_LABEL_18	VAN_LABEL_19	CO_LABEL_20	CO_LABEL_21	Sal_LABEL_22	DAN_LABEL_23	PMN_LABEL_24	DAN_LABEL_25	DMN_LABEL_26	DMN_LABEL_27	DMN_LABEL_28	Vis_LABEL_29	FP_LABEL_30	Aud_LABEL_31	Tpole_LABEL_32	PMN_LABEL_33	PON_LABEL_34	MTL_LABEL_35	CO_LABEL_36	Sal_LABEL_37	CO_LABEL_38	SMd_LABEL_39	SMl_LABEL_40	DAN_LABEL_41	CO_LABEL_42	VAN_LABEL_43	CO_LABEL_44	CO_LABEL_45	Sal_LABEL_46	DAN_LABEL_47	PMN_LABEL_48	DAN_LABEL_49	DMN_LABEL_50	FP_LABEL_51	DMN_LABEL_52	DMN_LABEL_53	PON_LABEL_54	DMN_LABEL_55	Tpole_LABEL_56	Tpole_LABEL_57	Sal_LABEL_58	Sal_LABEL_59	SMd_LABEL_60	DAN_LABEL_61	FP_LABEL_62	DMN_LABEL_63	FP_LABEL_64	FP_LABEL_65	SMd_LABEL_66	SMl_LABEL_67	SMd_LABEL_68	DMN_LABEL_69	DAN_LABEL_70	DMN_LABEL_71	FP_LABEL_72	SMd_LABEL_73	SMl_LABEL_74	MTL_LABEL_75	MTL_LABEL_76	CO_LABEL_77	CO_LABEL_78	Vis_LABEL_79	Vis_LABEL_80
DMN_LABEL_1	1.0	0.3213558495044708	0.037299059331417084	0.2756674885749817	0.022518444806337357	0.2826026380062103	0.4331619143486023	n/a	0.6482179164886475	0.10833892226219177	0.3740937113761902	-0.46898090839385986	0.19203904271125793	0.2503397762775421	-0.17603562772274017	0.6757538318634033	-0.4046252369880676	0.5311997532844543	0.4450095593929291	-0.24255280196666718	-0.12876743078231812	0.050724100321531296	0.004347926005721092	0.5764096975326538	0.5205203294754028	-0.0008615440456196666	0.4741608798503876	0.3961751461029053	0.26007428765296936	-0.0934002473950386	0.024849936366081238	0.08551120012998581	0.3498101532459259	0.40989288687705994	n/a	-0.07691263407468796	0.011844544671475887	-0.4139879047870636	-0.03100462071597576	0.094471774995327	-0.24081973731517792	-0.046705566346645355	0.3456123471260071	0.10816989094018936	-0.4073292911052704	0.2532869279384613	-0.17240075767040253	0.3508865237236023	0.05398223176598549	0.49686199426651	-0.19335249066352844	0.1931082159280777	0.2734226882457733	0.29657718539237976	0.3388407826423645	0.2844785749912262	0.11638782173395157	0.07851038873195648	0.0322328545153141	0.017239190638065338	0.07562431693077087	0.2953595221042633	-0.11168655753135681	0.26784300804138184	0.4011313021183014	0.26109519600868225	0.18352212011814117	0.05477292835712433	0.30290812253952026	0.1329769641160965	0.28614601492881775	0.23992078006267548	0.24568414688110352	0.125233992934227	0.5121626257896423	0.35510197281837463	-0.13764110207557678	0.15809008479118347	0.062134403735399246	0.10588324069976807
Vis_LABEL_2	0.3213558495044708	1.0	-0.23124393820762634	0.1833910048007965	-0.03077956847846508	-0.04848754405975342	0.7182875275611877	n/a	0.5308052897453308	-0.04877739027142525	0.1195397600531578	-0.47467395663261414	-0.3306175172328949	0.05260287970304489	-0.03365151956677437	0.2053694725036621	-0.3793888986110687	0.054820261895656586	0.13862912356853485	-0.07122126966714859	-0.10748180001974106	0.14176912605762482	0.2748456597328186	0.32545003294944763	0.549823522567749	-0.14150692522525787	-0.0847875103354454	0.13027723133563995	0.9371742606163025	0.05919751152396202	0.015050236135721207	0.022447848692536354	0.3361908495426178	0.47650763392448425	n/a	0.11525580286979675	0.0873727798461914	-0.21645696461200714	-0.39703232049942017	-0.04560811445116997	-0.15626265108585358	0.17274121940135956	0.12099838256835938	-0.0831880047917366	-0.36467817425727844	0.04649604856967926	0.30950379371643066	0.5079503655433655	-0.10730913281440735	0.16208402812480927	-0.15162670612335205	-0.08057154715061188	-0.12481579184532166	0.46557992696762085	0.166226327419281	0.29237449169158936	0.048812251538038254	-0.07911712676286697	-0.13899244368076324	-0.18489864468574524	0.43219757080078125	0.3659311830997467	-0.19224558770656586	0.3281593322753906	0.418392539024353	-0.006212509237229824	-0.04950345307588577	-0.1020236536860466	0.2723930776119232	0.23644520342350006	0.009425140917301178	-0.007926157675683498	0.13878528773784637	-0.00849312637001276	0.7130914330482483	0.3683677017688751	0.22984011471271515	0.06522555649280548	0.5550569295883179	0.1138148084282875
FP_LABEL_3	0.037299059331417084	-0.23124393820762634	1.0	0.27919891476631165	-0.3944641649723053	0.029758986085653305	-0.10468534380197525	n/a	0.03765629231929779	0.34374314546585083	0.017331819981336594	0.20446902513504028	0.3046567440032959	-0.03769495338201523	0.3738991320133209	0.10317409038543701	0.46219155192375183	0.12102586776018143	-0.10241870582103729	0.17639757692813873	0.12096955627202988	0.061667777597904205	0.18089623749256134	-0.280795156955719	0.23183493316173553	-0.5290815830230713	0.40957561135292053	-0.0028111119754612446	-0.30662304162979126	0.5725865364074707	0.3784664273262024	-0.17699670791625977	-0.3269156515598297	0.023012908175587654	n/a	0.2406073808670044	-0.025762686505913734	0.2508472800254822	0.34694135189056396	0.1553167700767517	0.4231436848640442	0.19264908134937286	0.1878509670495987	0.3392796218395233	0.43578827381134033	-0.4091717600822449	-0.0593230314552784	-0.2837831377983093	0.40840306878089905	0.0608755499124527	0.30919507145881653	0.048505399376153946	0.004075085744261742	-0.1376670002937317	-0.11871438473463058	-0.07146959751844406	0.07938973605632782	0.26543015241622925	0.31889405846595764	0.19287317991256714	-0.12840896844863892	0.41969597339630127	-0.15328429639339447	0.2763081192970276	0.037099309265613556	0.3423665463924408	0.14354664087295532	0.0906279906630516	0.12318766117095947	0.002803083509206772	-0.38944315910339355	0.15530802309513092	0.18113645911216736	0.41631418466567993	-0.16984370350837708	0.03746333345770836	-0.18591883778572083	0.07376624643802643	-0.3471630811691284	-0.08634883910417557
Aud_LABEL_4	0.2756674885749817	0.1833910048007965	0.27919891476631165	1.0	-0.20740017294883728	0.3068746328353882	0.32808446884155273	n/a	0.502567708492279	0.38126707077026367	0.3748340606689453	-0.0029200573917478323	0.4702241122722626	0.2054583877325058	0.14577127993106842	0.3947361409664154	0.06634298712015152	0.5313574075698853	0.31968480348587036	0.11726313084363937	0.3221777081489563	0.1135057732462883	-0.19168615341186523	0.03488549590110779	0.38754531741142273	-0.4303446412086487	0.2916659116744995	0.14918330311775208	0.10219912230968475	0.28914719820022583	0.6761713027954102	-0.13523782789707184	-0.0499897263944149	0.44363656640052795	n/a	0.6381453275680542	0.5097785592079163	0.07245407998561859	0.009586816653609276	-0.02168097533285618	-0.10412590950727463	0.4901279807090759	0.2095571607351303	0.5985458493232727	0.09403727203607559	0.3982999622821808	-0.3475448489189148	0.03926948457956314	-0.11654657870531082	0.15133169293403625	0.21159064769744873	-0.29055413603782654	0.3516048789024353	0.05009832978248596	0.0030662992503494024	0.043062999844551086	0.039101094007492065	0.3756040930747986	0.5178866386413574	0.20827491581439972	-0.13266508281230927	0.41340023279190063	-0.5693835616111755	0.21892927587032318	0.22897477447986603	0.36078712344169617	-0.10941459238529205	0.13503555953502655	-0.03657487779855728	-0.03060639090836048	-0.25362008810043335	0.0978308916091919	0.45983371138572693	0.29867851734161377	0.26444125175476074	0.3534907102584839	-0.0076859560795128345	0.5186497569084167	-0.1302049160003662	0.03704233467578888
Tpole_LABEL_5	0.022518444806337357	-0.03077956847846508	-0.3944641649723053	-0.20740017294883728	1.0	-0.1799009144306183	-0.07420600950717926	n/a	-0.11934303492307663	-0.29886412620544434	-0.014714231714606285	0.09436142444610596	-0.23508507013320923	0.28582021594047546	-0.32310494780540466	-0.10884653031826019	-0.28709667921066284	-0.17155961692333221	-0.06176849827170372	-0.23657871782779694	-0.24534016847610474	-0.4131013751029968	-0.3858492374420166	0.01014458853751421	-0.29311349987983704	0.5579385161399841	0.1895916610956192	0.12581497430801392	-0.003273004898801446	-0.15867528319358826	-0.09283127635717392	0.492206871509552	0.03431115671992302	-0.3363436162471771	n/a	-0.19020651280879974	-0.32294556498527527	-0.015164081007242203	-0.31680968403816223	0.2345607429742813	-0.3786447048187256	-0.3371928036212921	-0.23075881600379944	-0.2284223437309265	-0.25926673412323	-0.0032937610521912575	-0.30488061904907227	-0.21853141486644745	-0.4604288935661316	-0.10452434420585632	0.2825590670108795	0.5596163868904114	-0.12719783186912537	-0.20941391587257385	0.6043471097946167	0.050817180424928665	0.09805043786764145	-0.3999563157558441	-0.41703712940216064	-0.043434448540210724	-0.06101502478122711	-0.009154793806374073	0.004596524406224489	-0.04425942897796631	-0.08639338612556458	-0.4653722643852234	-0.5507408976554871	-0.2973444163799286	-0.2381981760263443	-0.2639080882072449	0.11598923802375793	-0.27302291989326477	-0.188043013215065	-0.35927635431289673	-0.19299279153347015	-0.20153211057186127	-0.1755889356136322	-0.008821816183626652	-0.11948136985301971	0.08632965385913849
PMN_LABEL_6	0.2826026380062103	-0.04848754405975342	0.029758986085653305	0.3068746328353882	-0.1799009144306183	1.0	0.012048895470798016	n/a	0.09213389456272125	0.07996212691068649	0.10306580364704132	-0.007535684388130903	0.009353498928248882	-0.11589569598436356	-0.21617455780506134	0.1422002762556076	-0.2010389268398285	0.360786110162735	0.1754140704870224	0.0743374451994896	0.11515171080827713	-0.10636317729949951	0.04420135170221329	0.3878666162490845	-0.02901308797299862	-0.25795209407806396	0.13007867336273193	-0.233535036444664	-0.015228476375341415	0.05604981258511543	0.13568373024463654	-0.03133878484368324	0.36599647998809814	0.3786357045173645	n/a	0.06488905102014542	0.5015458464622498	-0.2124495655298233	0.15598897635936737	-0.15040890872478485	-0.2672509253025055	0.2952437400817871	-0.040002692490816116	0.19007669389247894	-0.025201920419931412	0.4216752052307129	-0.0925537496805191	0.35973653197288513	0.02394622564315796	0.14453420042991638	-0.04225049540400505	-0.3388056755065918	0.220394104719162	-0.06853611767292023	-0.1118571013212204	-0.3969208002090454	-0.2404303103685379	0.12126190215349197	0.18949788808822632	0.012854798696935177	-0.13044750690460205	-0.07725070416927338	-0.04920060560107231	0.09994402527809143	0.11439812183380127	0.3735930621623993	0.30273693799972534	0.2726743817329407	0.05059849098324776	-0.07685347646474838	0.03886820003390312	0.2685372233390808	0.07973671704530716	-0.06468478590250015	0.07601626217365265	0.24485936760902405	-0.06807003915309906	0.0887661799788475	-0.08291439712047577	-0.06180299073457718
PON_LABEL_7	0.4331619143486023	0.7182875275611877	-0.10468534380197525	0.32808446884155273	-0.07420600950717926	0.012048895470798016	1.0	n/a	0.761558473110199	0.18512274324893951	0.3323918282985687	-0.46069347858428955	-0.1102159172296524	0.25019264221191406	0.05918940156698227	0.3895816504955292	-0.24166911840438843	0.31039413809776306	0.28507140278816223	-0.2304498553276062	0.043892450630664825	0.003966537769883871	0.29003652930259705	0.4363383948802948	0.5557467937469482	-0.07437287271022797	0.05925370380282402	0.05497974157333374	0.6738825440406799	-0.19685132801532745	0.06744157522916794	-0.1499096304178238	0.28683650493621826	0.7051409482955933	n/a	0.24887946248054504	0.24249699711799622	-0.418444961309433	-0.27139735221862793	-0.04332000017166138	-0.30809852480888367	0.13819408416748047	0.07009823620319366	0.0603354275226593	-0.4146661162376404	0.2746856212615967	0.07886133342981339	0.4292393624782562	-0.09123075753450394	0.058181315660476685	-0.11192777007818222	-0.03979984298348427	0.17427486181259155	0.27832266688346863	0.06529805064201355	0.08986742794513702	0.029994146898388863	0.14631088078022003	0.16164149343967438	-0.15522529184818268	0.42761653661727905	0.21011537313461304	-0.43762627243995667	0.22420734167099	0.46797671914100647	0.1296926736831665	0.04888457804918289	-0.17448769509792328	0.14051306247711182	0.3516976237297058	-0.06120091676712036	0.0636199489235878	-0.03822929784655571	-0.0730707123875618	0.6973991394042969	0.5139493942260742	0.150191068649292	0.26914265751838684	0.3551695942878723	0.3076357841491699
MTL_LABEL_8	n/a	n/a	n/a	n/a	n/a	n/a	n/a	1.0	n/a	n/a	n/a	n/a	n/a	n/a	n/a	n/a	n/a	n/a	n/a	n/a	n/a	n/a	n/a	n/a	n/a	n/a	n/a	n/a	n/a	n/a	n/a	n/a	n/a	n/a	n/a	n/a	n/a	n/a	n/a	n/a	n/a	n/a	n/a	n/a	n/a	n/a	n/a	n/a	n/a	n/a	n/a	n/a	n/a	n/a	n/a	n/a	n/a	n/a	n/a	n/a	n/a	n/a	n/a	n/a	n/a	n/a	n/a	n/a	n/a	n/a	n/a	n/a	n/a	n/a	n/a	n/a	n/a	n/a	n/a	n/a
PON_LABEL_9	0.6482179164886475	0.5308052897453308	0.03765629231929779	0.502567708492279	-0.11934303492307663	0.09213389456272125	0.761558473110199	n/a	1.0	0.40204933285713196	0.418073445558548	-0.4464416801929474	0.15383785963058472	0.3246825039386749	0.12705470621585846	0.5193673372268677	-0.2536967992782593	0.4899193346500397	0.3194524347782135	-0.08984902501106262	0.17612262070178986	0.0626157745718956	0.17048890888690948	0.49533161520957947	0.6948647499084473	-0.11598269641399384	0.34313681721687317	0.14052903652191162	0.48956719040870667	-0.1196993961930275	0.18081878125667572	-0.09767015278339386	0.267389178276062	0.5932527184486389	n/a	0.2928319275379181	0.23979833722114563	-0.4455069899559021	-0.13957582414150238	0.008926451206207275	-0.24580779671669006	0.103476382791996	0.15878739953041077	0.3075636029243469	-0.31627172231674194	0.36187323927879333	-0.05655636638402939	0.33622145652770996	-0.03347896784543991	0.17362891137599945	-0.05239281803369522	0.0009570345864631236	0.3456053137779236	0.29994481801986694	0.22737982869148254	0.23776350915431976	0.09873386472463608	0.2507490813732147	0.2777765095233917	0.03915336728096008	0.2655281722545624	0.4023117125034332	-0.48400047421455383	0.23619584739208221	0.5450601577758789	0.3562031686306	0.0714971199631691	-0.04337529465556145	0.1553470939397812	0.3605494201183319	-0.04288235306739807	0.1453913003206253	0.18272094428539276	0.03325255960226059	0.6567410230636597	0.6339994072914124	0.05672736465930939	0.44246789813041687	0.10030128806829453	0.366192489862442
CO_LABEL_10	0.10833892226219177	-0.04877739027142525	0.34374314546585083	0.38126707077026367	-0.29886412620544434	0.07996212691068649	0.18512274324893951	n/a	0.40204933285713196	1.0	0.4567118287086487	0.08121851086616516	0.2799718976020813	0.04019131511449814	0.3115389049053192	0.06789126247167587	0.23176245391368866	0.04320204630494118	0.0017965924926102161	0.24394309520721436	0.5103033781051636	0.34108826518058777	0.1671355664730072	0.004586221184581518	0.2921679615974426	-0.25145336985588074	0.05101313069462776	-0.16638930141925812	-0.0882285088300705	0.1137111708521843	0.49655085802078247	0.007827997207641602	-0.1211758628487587	0.25412338972091675	n/a	0.6959090828895569	0.2599313259124756	0.14900940656661987	0.5057787895202637	0.15303444862365723	0.31607502698898315	0.3190271854400635	0.032578129321336746	0.4532759487628937	0.46336936950683594	0.032436028122901917	-0.040760766714811325	0.06482592970132828	0.26228517293930054	-0.11308535188436508	0.14554709196090698	-0.08156027644872665	0.23383274674415588	0.04283954203128815	-0.1834745705127716	0.111435666680336	0.3583766222000122	0.314836323261261	0.42463427782058716	0.46247780323028564	0.17120206356048584	0.2518993616104126	-0.6138026118278503	-0.03863103315234184	0.0897422581911087	0.57658851146698	0.22610019147396088	0.19539795815944672	-0.023079313337802887	0.26579535007476807	-0.48804983496665955	0.003344479948282242	0.3054777681827545	0.27498725056648254	0.0370231494307518	0.49660515785217285	0.0040581184439361095	0.429112046957016	-0.23147597908973694	0.23224382102489471
Sal_LABEL_11	0.3740937113761902	0.1195397600531578	0.017331819981336594	0.3748340606689453	-0.014714231714606285	0.10306580364704132	0.3323918282985687	n/a	0.418073445558548	0.4567118287086487	1.0	-0.16142955422401428	0.10198607295751572	0.23578326404094696	-0.025738002732396126	0.05617627128958702	-0.040027301758527756	0.10887596011161804	0.07269906997680664	0.19728438556194305	0.5728812217712402	0.3647751808166504	0.06651865690946579	0.3624383509159088	0.3068850338459015	0.04459118843078613	0.2894730865955353	-0.03432562202215195	0.09044310450553894	-0.08212491869926453	0.15600451827049255	-0.1422089785337448	0.19806262850761414	0.3676069974899292	n/a	0.4240511655807495	0.3957822024822235	-0.11258921027183533	0.10499031841754913	0.01324526034295559	-0.1296171396970749	-0.06918974220752716	-0.08572375029325485	0.25943976640701294	0.01841454952955246	0.3554990291595459	-0.09563614428043365	0.25439751148223877	-0.06856542080640793	-0.14666588604450226	-0.019664354622364044	0.05551716685295105	0.18783408403396606	0.08725834637880325	0.071634940803051	0.18456219136714935	-0.026853522285819054	0.5213707685470581	0.42060866951942444	0.3448290228843689	0.040356069803237915	0.0556902214884758	-0.5597469210624695	-0.08562657982110977	0.062305551022291183	0.32201945781707764	0.09358624368906021	-0.10751111060380936	-0.12314000725746155	0.021507371217012405	-0.1277725100517273	-0.0805593803524971	0.035783253610134125	0.017777424305677414	0.21152202785015106	0.14585192501544952	-0.08553265035152435	0.4279940724372864	0.02748003602027893	0.271259069442749
CO_LABEL_12	-0.46898090839385986	-0.47467395663261414	0.20446902513504028	-0.0029200573917478323	0.09436142444610596	-0.007535684388130903	-0.46069347858428955	n/a	-0.4464416801929474	0.08121851086616516	-0.16142955422401428	1.0	0.26091912388801575	-0.3223371207714081	0.23345090448856354	-0.4632020592689514	0.29381173849105835	-0.3837050199508667	-0.3157341480255127	0.20483742654323578	0.061678316444158554	-0.19594594836235046	0.13710246980190277	-0.21988129615783691	-0.45480817556381226	-0.24925139546394348	-0.008116349577903748	-0.33353370428085327	-0.4721522927284241	0.14466510713100433	0.054589614272117615	0.012768293730914593	-0.13704615831375122	-0.3510362505912781	n/a	0.22547435760498047	-0.06545963883399963	0.5994930863380432	0.17383216321468353	-0.14331446588039398	0.1615402102470398	-0.024619711562991142	-0.2825692892074585	-0.07989700138568878	0.1794997751712799	-0.2979714870452881	0.12160138785839081	-0.2951718270778656	-0.26223522424697876	-0.4719039797782898	0.3611578941345215	0.04168885573744774	-0.39472416043281555	-0.6872656345367432	0.11730887740850449	-0.251845121383667	-0.15777090191841125	-0.07645345479249954	-0.0009310342138633132	0.20879621803760529	-0.0382225327193737	-0.006677009165287018	0.052910562604665756	-0.24665603041648865	-0.37164804339408875	0.06586799770593643	-0.2680681049823761	-0.11376555263996124	-0.21000880002975464	-0.11264455318450928	-0.4814719259738922	-0.10633987188339233	0.01337569672614336	-0.05937580391764641	-0.5427701473236084	-0.3236205279827118	-0.0462791882455349	-0.05484704673290253	-0.4053691029548645	0.068720243871212
SMd_LABEL_13	0.19203904271125793	-0.3306175172328949	0.3046567440032959	0.4702241122722626	-0.23508507013320923	0.009353498928248882	-0.1102159172296524	n/a	0.15383785963058472	0.2799718976020813	0.10198607295751572	0.26091912388801575	1.0	-0.08213842660188675	0.24228715896606445	0.26579129695892334	0.2711951732635498	0.3526611924171448	0.13210274279117584	0.06594426929950714	0.1297002136707306	0.21125911176204681	-0.21093595027923584	-0.09480417519807816	0.28519657254219055	-0.20249415934085846	0.28782618045806885	0.18949422240257263	-0.35839173197746277	0.14377164840698242	0.37025660276412964	0.07016941159963608	-0.3253619968891144	-0.02846393920481205	n/a	0.2844274938106537	0.1374349296092987	0.18510033190250397	0.31659916043281555	-0.08449620753526688	0.2248663455247879	0.24743691086769104	0.24229690432548523	0.3870559632778168	0.1844140738248825	0.17899751663208008	-0.2650061547756195	-0.20356102287769318	0.27342861890792847	0.13858449459075928	-0.04791142791509628	-0.07542005181312561	0.17972414195537567	-0.0945490375161171	-0.047487519681453705	0.02012391947209835	0.20221076905727386	0.1769620031118393	0.304156631231308	0.26699528098106384	-0.1838563084602356	0.21008199453353882	-0.06582607328891754	-0.013516571372747421	0.17749783396720886	0.262937068939209	0.042905811220407486	0.4258178174495697	-0.08471992611885071	0.1120690107345581	-0.012891550548374653	0.18761591613292694	0.4891377091407776	0.5501208901405334	-0.18799027800559998	0.07102002948522568	-0.0076287733390927315	0.0518127903342247	-0.3535304367542267	-0.08614427596330643
SMl_LABEL_14	0.2503397762775421	0.05260287970304489	-0.03769495338201523	0.2054583877325058	0.28582021594047546	-0.11589569598436356	0.25019264221191406	n/a	0.3246825039386749	0.04019131511449814	0.23578326404094696	-0.3223371207714081	-0.08213842660188675	1.0	-0.01879972033202648	0.28579407930374146	-0.06683243066072464	0.3542669117450714	0.3137509226799011	-0.24376624822616577	0.13226361572742462	-0.14565110206604004	-0.3673989474773407	-0.010809025727212429	0.05455312505364418	0.37324920296669006	0.3711433708667755	0.34630444645881653	-0.009540963917970657	-0.1858728975057602	0.09245653450489044	-0.12563662230968475	-0.09074875712394714	0.0061560748144984245	n/a	-0.02939189225435257	0.03667455539107323	-0.39841708540916443	-0.2292281687259674	0.6296132206916809	-0.3761589825153351	-0.28552448749542236	0.1435154229402542	0.1020064428448677	-0.11386894434690475	0.13679221272468567	-0.4019392430782318	-0.19032220542430878	-0.24288533627986908	0.22255052626132965	-0.049685001373291016	0.36327895522117615	0.4560292959213257	0.06634607911109924	0.2505809962749481	0.09774379432201385	-0.05946408212184906	0.12520398199558258	0.25082695484161377	-0.13562314212322235	-0.1550052911043167	0.10360194742679596	-0.14107249677181244	-0.05249722674489021	-0.05597051978111267	-0.22467206418514252	-0.2769841253757477	-0.3961333632469177	-0.19542880356311798	-0.18943801522254944	0.24433733522891998	-0.20639988780021667	-0.2608775496482849	-0.1339946985244751	0.1302693486213684	0.11473001539707184	-0.11068116873502731	0.4400436282157898	-0.2034241259098053	0.03449149429798126
DAN_LABEL_15	-0.17603562772274017	-0.03365151956677437	0.3738991320133209	0.14577127993106842	-0.32310494780540466	-0.21617455780506134	0.05918940156698227	n/a	0.12705470621585846	0.3115389049053192	-0.025738002732396126	0.23345090448856354	0.24228715896606445	-0.01879972033202648	1.0	-0.09926919639110565	0.4808955788612366	-0.011210791766643524	-0.11863145977258682	0.26059821248054504	0.3074118494987488	0.3154338598251343	0.19758930802345276	-0.13563382625579834	0.16866786777973175	-0.284814715385437	0.18907912075519562	-0.019951630383729935	-0.07413133978843689	0.1271328330039978	0.050099559128284454	-0.22100438177585602	-0.33088457584381104	-0.03966264799237251	n/a	0.3597530126571655	0.11858851462602615	0.2676408588886261	0.05473636835813522	-0.24779830873012543	0.3532960116863251	0.13207939267158508	-0.09541140496730804	-0.035414453595876694	0.13081377744674683	-0.038714583963155746	0.12757310271263123	-0.2742041051387787	0.045791879296302795	-0.21069328486919403	0.012527409009635448	-0.2145158350467682	0.06630022078752518	-0.1953553855419159	-0.22988514602184296	0.12531296908855438	-0.005765795242041349	0.34095317125320435	0.43638935685157776	0.2182329297065735	0.19512976706027985	0.11798542737960815	-0.18145325779914856	-0.15428899228572845	0.07109696418046951	0.16744351387023926	-0.0015611684648320079	-0.03483851999044418	0.009905034676194191	0.24548621475696564	-0.3367331624031067	0.1568632870912552	-0.10170216113328934	0.21615540981292725	-0.005929772742092609	-0.06665436923503876	0.09721297770738602	0.4184044897556305	-0.12256981432437897	0.023468974977731705
DMN_LABEL_16	0.6757538318634033	0.2053694725036621	0.10317409038543701	0.3947361409664154	-0.10884653031826019	0.1422002762556076	0.3895816504955292	n/a	0.5193673372268677	0.06789126247167587	0.05617627128958702	-0.4632020592689514	0.26579129695892334	0.28579407930374146	-0.09926919639110565	1.0	-0.20951180160045624	0.7324631810188293	0.7581914067268372	-0.5623114109039307	-0.3338659405708313	-0.07206623256206512	-0.22040998935699463	0.15738019347190857	0.47232940793037415	-0.007216081954538822	0.2916299104690552	0.6123269200325012	0.09615020453929901	-0.13934582471847534	0.09823495149612427	0.05157487839460373	-0.008182774297893047	0.2614206075668335	n/a	0.012473471462726593	0.005207015201449394	-0.40681764483451843	-0.11630900204181671	0.06387986987829208	-0.2370392084121704	0.02407427318394184	0.6234363317489624	0.3331470191478729	-0.3005540668964386	0.26726505160331726	-0.4261953830718994	0.04785500094294548	0.059817735105752945	0.6782668232917786	-0.20345138013362885	0.003784635802730918	0.602569580078125	0.19892507791519165	0.1503790318965912	0.10561273992061615	0.11853955686092377	-0.032418619841337204	0.03911009803414345	-0.19381052255630493	-0.020380999892950058	0.2678208649158478	-0.05516020208597183	0.4199714660644531	0.44895264506340027	0.052678026258945465	0.05191033333539963	0.09957467019557953	0.3018552362918854	0.05081787705421448	0.3684561550617218	0.466688334941864	0.19953452050685883	0.09362683445215225	0.3599655032157898	0.30264797806739807	-0.17614933848381042	0.1226997822523117	-0.06901475787162781	0.0076799290254712105
CO_LABEL_17	-0.4046252369880676	-0.3793888986110687	0.46219155192375183	0.06634298712015152	-0.28709667921066284	-0.2010389268398285	-0.24166911840438843	n/a	-0.2536967992782593	0.23176245391368866	-0.040027301758527756	0.29381173849105835	0.2711951732635498	-0.06683243066072464	0.4808955788612366	-0.20951180160045624	1.0	0.016497399657964706	-0.29634687304496765	0.3406870365142822	0.34260693192481995	0.21792493760585785	-0.044999297708272934	-0.44227463006973267	-0.09844309091567993	-0.20777775347232819	0.06902365386486053	-0.17838464677333832	-0.4214438199996948	0.1661306470632553	0.29359427094459534	-0.15310463309288025	-0.6365103721618652	-0.19119839370250702	n/a	0.21702763438224792	0.09342988580465317	0.2483157217502594	0.29261234402656555	-0.0849955603480339	0.3063059449195862	0.13363566994667053	-0.045045867562294006	0.2000228613615036	0.5142637491226196	-0.22377534210681915	-0.10533252358436584	-0.3857874572277069	0.272542804479599	-0.2482737898826599	-0.01641494780778885	-0.24519804120063782	-0.042415592819452286	-0.3214476704597473	-0.3853914439678192	-0.18291042745113373	0.03487466275691986	0.29363349080085754	0.41521236300468445	0.19731631875038147	-0.09953108429908752	0.010665487498044968	0.013340023346245289	-0.06899192929267883	-0.001153374440036714	-0.01945970579981804	0.07330304384231567	0.11766309291124344	-0.2805515229701996	-0.025995247066020966	-0.3222860097885132	-0.006811055354773998	-0.2132999747991562	0.3081493079662323	-0.22701460123062134	-0.07744812220335007	0.2911848723888397	0.09413919597864151	-0.16976164281368256	-0.22135229408740997
DMN_LABEL_18	0.5311997532844543	0.054820261895656586	0.12102586776018143	0.5313574075698853	-0.17155961692333221	0.360786110162735	0.31039413809776306	n/a	0.4899193346500397	0.04320204630494118	0.10887596011161804	-0.3837050199508667	0.3526611924171448	0.3542669117450714	-0.011210791766643524	0.7324631810188293	0.016497399657964706	1.0	0.6287449598312378	-0.3035765290260315	-0.012530677951872349	-0.10797037184238434	-0.3622070252895355	0.08624263107776642	0.3963225483894348	-0.12199146300554276	0.4266090393066406	0.38594529032707214	-0.032378487288951874	-0.09696517884731293	0.2722330391407013	-0.0437181182205677	-0.09914807975292206	0.3712001144886017	n/a	0.0523795448243618	0.2828987240791321	-0.40029507875442505	0.03416789323091507	0.008807327598333359	-0.32006755471229553	0.12856067717075348	0.5109821557998657	0.3705075681209564	-0.1703031361103058	0.49761325120925903	-0.5177276134490967	0.029187850654125214	0.09407711029052734	0.5322737097740173	-0.2652907967567444	-0.1556648164987564	0.5951423645019531	0.047625407576560974	0.036087099462747574	-0.19471855461597443	-0.058753371238708496	0.20794141292572021	0.35152125358581543	-0.07434093207120895	-0.16987554728984833	0.1051192432641983	-0.12507294118404388	0.2704915404319763	0.3999533951282501	0.1599462479352951	0.15757547318935394	0.0948878675699234	0.05771023407578468	-0.009426960721611977	0.25814443826675415	0.3684788942337036	0.0739649087190628	0.1347251981496811	0.3542739450931549	0.42069652676582336	-0.03458574041724205	0.3033868670463562	-0.04771920666098595	-0.10203009098768234
VAN_LABEL_19	0.4450095593929291	0.13862912356853485	-0.10241870582103729	0.31968480348587036	-0.06176849827170372	0.1754140704870224	0.28507140278816223	n/a	0.3194524347782135	0.0017965924926102161	0.07269906997680664	-0.3157341480255127	0.13210274279117584	0.3137509226799011	-0.11863145977258682	0.7581914067268372	-0.29634687304496765	0.6287449598312378	1.0	-0.5647264122962952	-0.1824454516172409	-0.10541731864213943	-0.2136876881122589	0.008858522400259972	0.2768860459327698	-0.08252150565385818	0.22493788599967957	0.6222158670425415	0.04951327294111252	-0.24584749341011047	-0.08935261517763138	-0.031143169850111008	-0.02089551091194153	0.2202593833208084	n/a	0.009509287774562836	0.1384461671113968	-0.3294432461261749	-0.08895410597324371	-0.05357259139418602	-0.30497947335243225	-0.07659858465194702	0.6560553312301636	0.18963876366615295	-0.3369572162628174	0.33149221539497375	-0.3781410753726959	0.04145431146025658	-0.14973494410514832	0.5593379735946655	-0.15490472316741943	-0.05401555076241493	0.46919015049934387	0.13538385927677155	0.15526920557022095	0.02724299393594265	-0.08529920876026154	-0.14575864374637604	-0.08980868756771088	-0.15359020233154297	-0.07676549255847931	0.04511440545320511	-0.08237829059362411	0.34218358993530273	0.18910737335681915	-0.01761503331363201	-0.006326695904135704	-0.045204583555459976	0.25757476687431335	-0.004685778636485338	0.4409344494342804	0.4289664626121521	0.13451427221298218	-0.10353648662567139	0.23337297141551971	0.14806750416755676	-0.20321571826934814	0.2977502942085266	-0.028777524828910828	-0.0778912901878357
CO_LABEL_20	-0.24255280196666718	-0.07122126966714859	0.17639757692813873	0.11726313084363937	-0.23657871782779694	0.0743374451994896	-0.2304498553276062	n/a	-0.08984902501106262	0.24394309520721436	0.19728438556194305	0.20483742654323578	0.06594426929950714	-0.24376624822616577	0.26059821248054504	-0.5623114109039307	0.3406870365142822	-0.3035765290260315	-0.5647264122962952	1.0	0.5758275985717773	0.48128804564476013	0.09467925131320953	-0.07288245111703873	0.05650479346513748	-0.3357750475406647	0.007300981320440769	-0.48771676421165466	0.04136966913938522	0.3917025625705719	0.27905961871147156	-0.10893716663122177	-0.014615153893828392	0.07431131601333618	n/a	0.20777784287929535	0.3869040012359619	0.17061340808868408	0.13118420541286469	-0.12066034227609634	0.2415592074394226	0.17236657440662384	-0.2730070650577545	0.059804048389196396	0.47604265809059143	-0.015002645552158356	0.17889633774757385	0.07802524417638779	0.2754787504673004	-0.32809415459632874	0.14305861294269562	-0.29912155866622925	-0.2765519618988037	0.12821510434150696	-0.23088252544403076	0.07206491380929947	-0.030804678797721863	0.363211989402771	0.3618229627609253	0.2888036072254181	-0.21267232298851013	-0.01412162184715271	-0.16596801578998566	-0.3338184356689453	-0.13736216723918915	0.21250641345977783	0.14731696248054504	0.2793351113796234	-0.08000708371400833	0.07703236490488052	-0.4076530337333679	-0.13786907494068146	0.12909643352031708	0.29982781410217285	0.013908492401242256	-0.0012805636506527662	0.28215041756629944	0.14072535932064056	0.02927258610725403	-0.09110720455646515
CO_LABEL_21	-0.12876743078231812	-0.10748180001974106	0.12096955627202988	0.3221777081489563	-0.24534016847610474	0.11515171080827713	0.043892450630664825	n/a	0.17612262070178986	0.5103033781051636	0.5728812217712402	0.061678316444158554	0.1297002136707306	0.13226361572742462	0.3074118494987488	-0.3338659405708313	0.34260693192481995	-0.012530677951872349	-0.1824454516172409	0.5758275985717773	1.0	0.39080294966697693	0.09332261979579926	-0.039768584072589874	0.041255466639995575	-0.16702072322368622	0.09362158179283142	-0.32666799426078796	-0.041853584349155426	-0.0651504397392273	0.2323131561279297	-0.31127235293388367	-0.14468729496002197	0.20495425164699554	n/a	0.47965043783187866	0.5227193236351013	0.06400733441114426	0.21218238770961761	-0.034663207828998566	0.05921237915754318	0.14943282306194305	-0.2815217077732086	0.2131204605102539	0.40210214257240295	0.3627508282661438	-0.00438880966976285	-0.044712044298648834	0.00024677644250914454	-0.4483562707901001	-0.08190781623125076	-0.3488979637622833	0.15205049514770508	-0.03972472995519638	-0.33977046608924866	-0.024071216583251953	-0.15731610357761383	0.6517730951309204	0.60857093334198	0.329768568277359	-0.03388975188136101	-0.2195289582014084	-0.4998769462108612	-0.32008570432662964	-0.13731323182582855	0.2730039656162262	0.1054515689611435	-0.019093703478574753	-0.26834818720817566	0.09672000259160995	-0.3388378322124481	-0.13759306073188782	-0.06345321238040924	0.11960718780755997	-0.030527779832482338	0.215982586145401	0.15982593595981598	0.5186259150505066	0.0014286971418187022	0.16373352706432343
Sal_LABEL_22	0.050724100321531296	0.14176912605762482	0.061667777597904205	0.1135057732462883	-0.4131013751029968	-0.10636317729949951	0.003966537769883871	n/a	0.0626157745718956	0.34108826518058777	0.3647751808166504	-0.19594594836235046	0.21125911176204681	-0.14565110206604004	0.3154338598251343	-0.07206623256206512	0.21792493760585785	-0.10797037184238434	-0.10541731864213943	0.48128804564476013	0.39080294966697693	1.0	0.08749732375144958	0.0157292652875185	0.37849095463752747	-0.0329301543533802	-0.09406877309083939	0.04732336476445198	0.12141440063714981	0.25188982486724854	0.139712393283844	-0.09224119037389755	-0.0802173763513565	0.14015068113803864	n/a	0.3240927457809448	0.3403303921222687	0.16963520646095276	0.16913916170597076	-0.10473757982254028	0.4494284987449646	0.20948003232479095	0.131242036819458	0.10706218332052231	0.32459068298339844	0.014805647544562817	0.17066091299057007	0.209345281124115	0.38650375604629517	0.03160330280661583	-0.275296688079834	-0.28090688586235046	0.013707086443901062	0.4533051550388336	-0.3115386664867401	0.4697791635990143	0.3025258481502533	0.3212142884731293	0.33357781171798706	0.4332304000854492	-0.012370776385068893	0.0796218067407608	-0.16436611115932465	-0.12881623208522797	0.036805249750614166	0.19911670684814453	0.2433079332113266	0.39559903740882874	0.058253753930330276	0.17351774871349335	-0.018876375630497932	-0.07237979769706726	0.3378188908100128	0.5453819632530212	0.16316010057926178	-0.10775583982467651	0.23564524948596954	0.05612502247095108	0.30832988023757935	-0.20222733914852142
DAN_LABEL_23	0.004347926005721092	0.2748456597328186	0.18089623749256134	-0.19168615341186523	-0.3858492374420166	0.04420135170221329	0.29003652930259705	n/a	0.17048890888690948	0.1671355664730072	0.06651865690946579	0.13710246980190277	-0.21093595027923584	-0.3673989474773407	0.19758930802345276	-0.22040998935699463	-0.044999297708272934	-0.3622070252895355	-0.2136876881122589	0.09467925131320953	0.09332261979579926	0.08749732375144958	1.0	0.433361291885376	0.15830044448375702	-0.304354727268219	-0.11225783824920654	-0.2650609612464905	0.2298772633075714	-0.048846978694200516	-0.2869587540626526	-0.32326215505599976	0.42293745279312134	0.21957412362098694	n/a	0.07298487424850464	0.026560703292489052	0.011899514123797417	0.10833676904439926	-0.31920263171195984	0.2697036564350128	-0.015772385522723198	-0.2553919851779938	-0.11882390826940536	-0.07712515443563461	-0.2324025183916092	0.7923216819763184	0.39911115169525146	0.01686847396194935	-0.3689020276069641	0.024487420916557312	-0.10499988496303558	-0.3269302248954773	-0.00011268528760410845	-0.11605270206928253	0.1036454513669014	-0.16412587463855743	0.1481412649154663	-0.009737608954310417	0.005982657894492149	0.5381728410720825	0.1078086867928505	0.06170562654733658	0.19824334979057312	0.1301405131816864	0.35947516560554504	0.2646888196468353	-0.13739998638629913	0.311464786529541	0.44383180141448975	-0.19699501991271973	0.08856084197759628	-0.15593937039375305	-0.12774986028671265	0.1608446091413498	0.06618649512529373	0.15374642610549927	-0.08879699558019638	0.21089501678943634	0.414777934551239
PMN_LABEL_24	0.5764096975326538	0.32545003294944763	-0.280795156955719	0.03488549590110779	0.01014458853751421	0.3878666162490845	0.4363383948802948	n/a	0.49533161520957947	0.004586221184581518	0.3624383509159088	-0.21988129615783691	-0.09480417519807816	-0.010809025727212429	-0.13563382625579834	0.15738019347190857	-0.44227463006973267	0.08624263107776642	0.008858522400259972	-0.07288245111703873	-0.039768584072589874	0.0157292652875185	0.433361291885376	1.0	0.21982835233211517	0.14977005124092102	0.11590741574764252	-0.09851747006177902	0.32001617550849915	-0.2324625849723816	-0.21127218008041382	-0.10611957311630249	0.7903311252593994	0.37678074836730957	n/a	-0.03687332198023796	0.20143014192581177	-0.3389810025691986	-0.11144028604030609	-0.19471634924411774	-0.2455505132675171	-0.033238835632801056	-0.2073669582605362	-0.19232243299484253	-0.44995424151420593	0.27829790115356445	0.3638767898082733	0.7134649157524109	-0.15741859376430511	0.0031802912708371878	-0.12202759087085724	0.012274925597012043	0.03935515880584717	0.11364765465259552	0.24965742230415344	0.21684619784355164	-0.07596708834171295	0.10885323584079742	0.0606076642870903	-0.005952213890850544	0.29741403460502625	0.05368305370211601	0.023427831009030342	0.008423696272075176	0.29592862725257874	0.313007116317749	0.2786567211151123	-0.05019144341349602	0.08359255641698837	0.08982565999031067	0.1926555186510086	0.032024793326854706	-0.09374549984931946	-0.1770668476819992	0.48613592982292175	0.19585293531417847	0.10563740879297256	0.015485743060708046	0.2093695104122162	0.38291028141975403
DAN_LABEL_25	0.5205203294754028	0.549823522567749	0.23183493316173553	0.38754531741142273	-0.29311349987983704	-0.02901308797299862	0.5557467937469482	n/a	0.6948647499084473	0.2921679615974426	0.3068850338459015	-0.45480817556381226	0.28519657254219055	0.05455312505364418	0.16866786777973175	0.47232940793037415	-0.09844309091567993	0.3963225483894348	0.2768860459327698	0.05650479346513748	0.041255466639995575	0.37849095463752747	0.15830044448375702	0.21982835233211517	1.0	-0.25607842206954956	0.32670432329177856	0.1801086813211441	0.47146937251091003	0.2479821741580963	0.1713959127664566	0.06588051468133926	0.11525700986385345	0.5377710461616516	n/a	0.28078722953796387	0.20169737935066223	-0.2740405797958374	0.025905271992087364	-0.05224040150642395	0.08875978738069534	0.20405161380767822	0.3592919707298279	0.33243444561958313	-0.07485762238502502	0.10645713657140732	0.045578062534332275	0.32259297370910645	0.3910810351371765	0.31926748156547546	-0.07767020165920258	0.015709487721323967	0.12278995662927628	0.49341505765914917	0.04744987562298775	0.28412625193595886	0.24621981382369995	0.08234802633523941	0.12108932435512543	0.15235303342342377	0.09333514422178268	0.5293341279029846	-0.2615160346031189	0.41268190741539	0.6145240664482117	0.3635326027870178	0.18697570264339447	0.25486841797828674	0.2457519918680191	0.3699062168598175	-0.008263073861598969	0.38024431467056274	0.4035017788410187	0.33037468791007996	0.5899599194526672	0.38257238268852234	0.0793941542506218	0.11095400154590607	0.2420300543308258	-0.061683256179094315
DMN_LABEL_26	-0.0008615440456196666	-0.14150692522525787	-0.5290815830230713	-0.4303446412086487	0.5579385161399841	-0.25795209407806396	-0.07437287271022797	n/a	-0.11598269641399384	-0.25145336985588074	0.04459118843078613	-0.24925139546394348	-0.20249415934085846	0.37324920296669006	-0.284814715385437	-0.007216081954538822	-0.20777775347232819	-0.12199146300554276	-0.08252150565385818	-0.3357750475406647	-0.16702072322368622	-0.0329301543533802	-0.304354727268219	0.14977005124092102	-0.25607842206954956	1.0	-0.08080463856458664	0.12073493748903275	-0.09726645797491074	-0.473600298166275	-0.3210543990135193	0.22801905870437622	0.09485050290822983	-0.34085196256637573	n/a	-0.28856992721557617	-0.25743746757507324	-0.25048303604125977	-0.264005571603775	0.2830072343349457	-0.25769898295402527	-0.3494143486022949	-0.2567380666732788	-0.21180976927280426	-0.2237699031829834	0.12064308673143387	-0.1677141785621643	-0.13567136228084564	-0.2029145509004593	-0.05147148296236992	-0.1758987307548523	0.3881074786186218	0.19590985774993896	0.026265893131494522	0.22788937389850616	0.1627715826034546	0.18375737965106964	-0.16032472252845764	-0.16349220275878906	-0.08323775231838226	-0.030946675688028336	-0.30811023712158203	0.18033669888973236	-0.2943533957004547	-0.09999124705791473	-0.5112813115119934	-0.30631181597709656	-0.139992818236351	-0.2837229371070862	-0.21042880415916443	0.3583034873008728	-0.34247368574142456	-0.35718950629234314	-0.3077256381511688	-0.12886419892311096	-0.2906666696071625	0.006442655343562365	-0.17157524824142456	0.007192224729806185	0.08839946240186691
DMN_LABEL_27	0.4741608798503876	-0.0847875103354454	0.40957561135292053	0.2916659116744995	0.1895916610956192	0.13007867336273193	0.05925370380282402	n/a	0.34313681721687317	0.05101313069462776	0.2894730865955353	-0.008116349577903748	0.28782618045806885	0.3711433708667755	0.18907912075519562	0.2916299104690552	0.06902365386486053	0.4266090393066406	0.22493788599967957	0.007300981320440769	0.09362158179283142	-0.09406877309083939	-0.11225783824920654	0.11590741574764252	0.32670432329177856	-0.08080463856458664	1.0	0.2984989881515503	-0.13708356022834778	0.12533390522003174	0.08786123245954514	-0.050600357353687286	-0.06956107169389725	0.05188961699604988	n/a	-0.003523019840940833	0.06156696751713753	-0.2012876570224762	0.09839842468500137	0.10260435193777084	-0.15703743696212769	-0.193847194314003	0.15258970856666565	0.22516290843486786	-0.12463404983282089	0.06852178275585175	-0.31772106885910034	-0.17794136703014374	2.721808232308831e-05	0.14962130784988403	0.2253851741552353	0.3540063798427582	0.14822342991828918	-0.17988671362400055	0.4514474868774414	0.06961173564195633	-0.10415177792310715	0.11015313118696213	0.19337226450443268	0.17262034118175507	-0.11949165910482407	0.38190293312072754	-0.08464212715625763	0.20744334161281586	0.19261784851551056	0.16817796230316162	-0.06874941289424896	-0.15441279113292694	0.09614560008049011	-0.058973804116249084	0.0327901616692543	0.1396201103925705	-0.03361421078443527	0.015099426731467247	0.1048009917140007	-0.01096990704536438	-0.19838954508304596	0.3681192398071289	-0.3253517150878906	-0.044997863471508026
DMN_LABEL_28	0.3961751461029053	0.13027723133563995	-0.0028111119754612446	0.14918330311775208	0.12581497430801392	-0.233535036444664	0.05497974157333374	n/a	0.14052903652191162	-0.16638930141925812	-0.03432562202215195	-0.33353370428085327	0.18949422240257263	0.34630444645881653	-0.019951630383729935	0.6123269200325012	-0.17838464677333832	0.38594529032707214	0.6222158670425415	-0.48771676421165466	-0.32666799426078796	0.04732336476445198	-0.2650609612464905	-0.09851747006177902	0.1801086813211441	0.12073493748903275	0.2984989881515503	1.0	-0.017692355439066887	-0.03495463356375694	0.035216521471738815	0.010917499661445618	-0.2215537428855896	-0.1839507520198822	n/a	-0.14070580899715424	-0.20155097544193268	-0.11471918970346451	-0.06205601245164871	0.12774379551410675	0.04224776849150658	-0.2338716685771942	0.6275249719619751	0.18747365474700928	-0.2469978779554367	0.05714895948767662	-0.30106186866760254	-0.1773563027381897	-0.08275462687015533	0.5797728300094604	-0.12982825934886932	0.172268345952034	0.32257896661758423	0.24649100005626678	0.27544206380844116	0.35507678985595703	0.07828904688358307	-0.11556031554937363	-0.138542041182518	-0.02872844599187374	0.008472264744341373	0.2597397565841675	0.1717895269393921	0.36824774742126465	0.20408496260643005	-0.18243807554244995	-0.14195406436920166	-0.00486378651112318	0.35779914259910583	-0.03132319077849388	0.580540120601654	0.18590828776359558	0.16817422211170197	0.15129272639751434	0.044580791145563126	-0.12314426153898239	-0.2237507402896881	0.16966864466667175	-0.03652573004364967	0.004421447403728962
Vis_LABEL_29	0.26007428765296936	0.9371742606163025	-0.30662304162979126	0.10219912230968475	-0.003273004898801446	-0.015228476375341415	0.6738825440406799	n/a	0.48956719040870667	-0.0882285088300705	0.09044310450553894	-0.4721522927284241	-0.35839173197746277	-0.009540963917970657	-0.07413133978843689	0.09615020453929901	-0.4214438199996948	-0.032378487288951874	0.04951327294111252	0.04136966913938522	-0.041853584349155426	0.12141440063714981	0.2298772633075714	0.32001617550849915	0.47146937251091003	-0.09726645797491074	-0.13708356022834778	-0.017692355439066887	1.0	0.019605128094553947	-0.03907565400004387	-0.012279900722205639	0.33581507205963135	0.49586257338523865	n/a	0.05132807791233063	0.17672012746334076	-0.2600781321525574	-0.46537208557128906	-0.06505806744098663	-0.22024033963680267	0.18799802660942078	-0.01699453592300415	-0.1777561604976654	-0.3788965046405792	0.11691133677959442	0.30299708247184753	0.48771029710769653	-0.07018806785345078	0.08635455369949341	-0.14337758719921112	-0.15865235030651093	-0.118780717253685	0.46667447686195374	0.1400778740644455	0.1853056401014328	-0.013358473777770996	-0.07827815413475037	-0.14413140714168549	-0.21154330670833588	0.3660856783390045	0.22765424847602844	-0.23193205893039703	0.16289019584655762	0.34966838359832764	-0.0843362882733345	-0.041072454303503036	-0.022311165928840637	0.23101136088371277	0.20748592913150787	0.013083169236779213	-0.0666869506239891	0.14573872089385986	-0.015449552796781063	0.6569256782531738	0.35444095730781555	0.25099119544029236	0.04243732988834381	0.6017409563064575	0.14264237880706787
FP_LABEL_30	-0.0934002473950386	0.05919751152396202	0.5725865364074707	0.28914719820022583	-0.15867528319358826	0.05604981258511543	-0.19685132801532745	n/a	-0.1196993961930275	0.1137111708521843	-0.08212491869926453	0.14466510713100433	0.14377164840698242	-0.1858728975057602	0.1271328330039978	-0.13934582471847534	0.1661306470632553	-0.09696517884731293	-0.24584749341011047	0.3917025625705719	-0.0651504397392273	0.25188982486724854	-0.048846978694200516	-0.2324625849723816	0.2479821741580963	-0.473600298166275	0.12533390522003174	-0.03495463356375694	0.019605128094553947	1.0	0.5020496249198914	0.11319498717784882	-0.077888123691082	0.06773005425930023	n/a	0.27045559883117676	0.11942749470472336	0.419069766998291	0.1512756496667862	0.19533701241016388	0.5435298681259155	0.41376280784606934	0.1956678032875061	0.1439039260149002	0.4672764837741852	-0.3856707811355591	0.0772484838962555	0.07587340474128723	0.4273258447647095	0.23477980494499207	0.4939276874065399	0.04867779091000557	-0.2643861174583435	0.23485779762268066	0.028163492679595947	0.080914705991745	0.21492572128772736	-0.025532839819788933	0.071658656001091	0.2701930105686188	-0.31240954995155334	0.5304994583129883	-0.0647253468632698	0.3223653733730316	0.07123760133981705	0.22930032014846802	0.02125733718276024	0.3763267993927002	0.18297222256660461	-0.09774457663297653	-0.24798430502414703	0.014063574373722076	0.532551646232605	0.5615609884262085	-0.03752974793314934	-0.09708516299724579	-0.0058964816853404045	-0.09452852606773376	0.058876942843198776	-0.2942012548446655
Aud_LABEL_31	0.024849936366081238	0.015050236135721207	0.3784664273262024	0.6761713027954102	-0.09283127635717392	0.13568373024463654	0.06744157522916794	n/a	0.18081878125667572	0.49655085802078247	0.15600451827049255	0.054589614272117615	0.37025660276412964	0.09245653450489044	0.050099559128284454	0.09823495149612427	0.29359427094459534	0.2722330391407013	-0.08935261517763138	0.27905961871147156	0.2323131561279297	0.139712393283844	-0.2869587540626526	-0.21127218008041382	0.1713959127664566	-0.3210543990135193	0.08786123245954514	0.035216521471738815	-0.03907565400004387	0.5020496249198914	1.0	0.10241279751062393	-0.26071450114250183	0.15372157096862793	n/a	0.5548364520072937	0.2747057378292084	0.2274821251630783	0.299616277217865	0.29493391513824463	0.21447184681892395	0.5427432656288147	0.21525566279888153	0.5340457558631897	0.5273017287254333	0.042497772723436356	-0.27925488352775574	-0.03924361243844032	0.2782357931137085	0.17632339894771576	0.3020542562007904	-0.08752598613500595	0.12983585894107819	0.08592886477708817	-0.023633591830730438	0.01960640959441662	0.41185569763183594	0.19342468678951263	0.4201124906539917	0.2912102937698364	-0.13623346388339996	0.407410204410553	-0.41746440529823303	0.05705871805548668	0.06635110080242157	0.30139750242233276	0.04525045305490494	0.29638946056365967	-0.1302364319562912	-0.09641032665967941	-0.3702724277973175	-0.18538518249988556	0.4587641656398773	0.4978567957878113	0.05297054350376129	0.4288695454597473	0.06334225088357925	0.2680015563964844	-0.17800681293010712	0.03312995284795761
Tpole_LABEL_32	0.08551120012998581	0.022447848692536354	-0.17699670791625977	-0.13523782789707184	0.492206871509552	-0.03133878484368324	-0.1499096304178238	n/a	-0.09767015278339386	0.007827997207641602	-0.1422089785337448	0.012768293730914593	0.07016941159963608	-0.12563662230968475	-0.22100438177585602	0.05157487839460373	-0.15310463309288025	-0.0437181182205677	-0.031143169850111008	-0.10893716663122177	-0.31127235293388367	-0.09224119037389755	-0.32326215505599976	-0.10611957311630249	0.06588051468133926	0.22801905870437622	-0.050600357353687286	0.010917499661445618	-0.012279900722205639	0.11319498717784882	0.10241279751062393	1.0	-0.03342556208372116	-0.21120494604110718	n/a	-0.05447804555296898	-0.35555845499038696	0.1355387419462204	-0.04687801003456116	0.07724042236804962	-0.047856587916612625	0.1048889085650444	0.07621809840202332	-0.050248946994543076	0.11284783482551575	-0.06654703617095947	-0.1682201623916626	-0.05176085606217384	0.12498722970485687	0.14932243525981903	0.1444951295852661	0.3541184067726135	-0.18974100053310394	0.03760240599513054	0.28718599677085876	0.05330021306872368	0.547990620136261	-0.41252705454826355	-0.45782211422920227	0.051111966371536255	-0.06151321157813072	0.10615195333957672	0.007507143076509237	0.16759930551052094	0.21235406398773193	-0.1632949411869049	-0.15953277051448822	0.29986098408699036	-0.009527008980512619	-0.009968086145818233	-0.013702315278351307	0.022105805575847626	0.22159720957279205	-0.011711062863469124	-0.12919585406780243	0.10347162187099457	0.009818709455430508	-0.27296075224876404	-0.11430151760578156	-0.1947367787361145
PMN_LABEL_33	0.3498101532459259	0.3361908495426178	-0.3269156515598297	-0.0499897263944149	0.03431115671992302	0.36599647998809814	0.28683650493621826	n/a	0.267389178276062	-0.1211758628487587	0.19806262850761414	-0.13704615831375122	-0.3253619968891144	-0.09074875712394714	-0.33088457584381104	-0.008182774297893047	-0.6365103721618652	-0.09914807975292206	-0.02089551091194153	-0.014615153893828392	-0.14468729496002197	-0.0802173763513565	0.42293745279312134	0.7903311252593994	0.11525700986385345	0.09485050290822983	-0.06956107169389725	-0.2215537428855896	0.33581507205963135	-0.077888123691082	-0.26071450114250183	-0.03342556208372116	1.0	0.37635552883148193	n/a	-0.07118819653987885	0.12880831956863403	-0.25730258226394653	-0.160202294588089	-0.09128469973802567	-0.2237536907196045	0.029765328392386436	-0.18359123170375824	-0.27962902188301086	-0.3388897478580475	0.19545796513557434	0.42900025844573975	0.696480929851532	-0.18298587203025818	0.002743120538070798	0.1382017731666565	0.08254115283489227	-0.12875352799892426	0.16440074145793915	0.22800225019454956	0.1796862930059433	-0.08961436152458191	-0.01682332344353199	-0.08055057376623154	-0.07017059624195099	0.16816547513008118	-0.005599296651780605	0.07799217849969864	0.0451054684817791	0.09169477224349976	0.2824484407901764	0.1777046024799347	-0.089323490858078	0.22947147488594055	0.058619994670152664	0.06796791404485703	-0.009880469180643559	-0.03655622527003288	-0.3508622646331787	0.4368293881416321	0.08424762636423111	0.10262326896190643	-0.09341934323310852	0.28464484214782715	0.2952943444252014
PON_LABEL_34	0.40989288687705994	0.47650763392448425	0.023012908175587654	0.44363656640052795	-0.3363436162471771	0.3786357045173645	0.7051409482955933	n/a	0.5932527184486389	0.25412338972091675	0.3676069974899292	-0.3510362505912781	-0.02846393920481205	0.0061560748144984245	-0.03966264799237251	0.2614206075668335	-0.19119839370250702	0.3712001144886017	0.2202593833208084	0.07431131601333618	0.20495425164699554	0.14015068113803864	0.21957412362098694	0.37678074836730957	0.5377710461616516	-0.34085196256637573	0.05188961699604988	-0.1839507520198822	0.49586257338523865	0.06773005425930023	0.15372157096862793	-0.21120494604110718	0.37635552883148193	1.0	n/a	0.319806307554245	0.5206304788589478	-0.2850588858127594	0.0016751517541706562	-0.13438470661640167	-0.21758049726486206	0.37473464012145996	0.015135351568460464	0.17690543830394745	-0.23264259099960327	0.3568313419818878	0.006631487049162388	0.506097137928009	0.10276732593774796	0.03987857326865196	-0.0014902814291417599	-0.2827157974243164	0.142098069190979	0.26721620559692383	-0.18787142634391785	-0.15541203320026398	-0.07872258871793747	0.26826542615890503	0.3015464246273041	0.09765257686376572	0.09745918214321136	0.1297394186258316	-0.4892519414424896	0.24591363966464996	0.3587074875831604	0.4508448839187622	0.2668849229812622	0.17807304859161377	0.22662359476089478	0.34554120898246765	-0.21054208278656006	0.21284034848213196	0.22245241701602936	0.04944702982902527	0.608745276927948	0.4643988609313965	0.21683800220489502	0.24698641896247864	0.42711472511291504	-0.008041227236390114
MTL_LABEL_35	n/a	n/a	n/a	n/a	n/a	n/a	n/a	n/a	n/a	n/a	n/a	n/a	n/a	n/a	n/a	n/a	n/a	n/a	n/a	n/a	n/a	n/a	n/a	n/a	n/a	n/a	n/a	n/a	n/a	n/a	n/a	n/a	n/a	n/a	1.0	n/a	n/a	n/a	n/a	n/a	n/a	n/a	n/a	n/a	n/a	n/a	n/a	n/a	n/a	n/a	n/a	n/a	n/a	n/a	n/a	n/a	n/a	n/a	n/a	n/a	n/a	n/a	n/a	n/a	n/a	n/a	n/a	n/a	n/a	n/a	n/a	n/a	n/a	n/a	n/a	n/a	n/a	n/a	n/a	n/a
CO_LABEL_36	-0.07691263407468796	0.11525580286979675	0.2406073808670044	0.6381453275680542	-0.19020651280879974	0.06488905102014542	0.24887946248054504	n/a	0.2928319275379181	0.6959090828895569	0.4240511655807495	0.22547435760498047	0.2844274938106537	-0.02939189225435257	0.3597530126571655	0.012473471462726593	0.21702763438224792	0.0523795448243618	0.009509287774562836	0.20777784287929535	0.47965043783187866	0.3240927457809448	0.07298487424850464	-0.03687332198023796	0.28078722953796387	-0.28856992721557617	-0.003523019840940833	-0.14070580899715424	0.05132807791233063	0.27045559883117676	0.5548364520072937	-0.05447804555296898	-0.07118819653987885	0.319806307554245	n/a	1.0	0.44924697279930115	0.43232300877571106	0.2531968653202057	-0.07088031619787216	0.22479796409606934	0.5383694171905518	-0.09456992894411087	0.3969046175479889	0.2839375436306	0.1744120717048645	-0.02402765303850174	0.0052708787843585014	-0.058131374418735504	-0.2619321942329407	0.2953285276889801	-0.24665330350399017	0.15057627856731415	-0.0831422433257103	-0.1620052456855774	0.11207539588212967	0.2053638994693756	0.3465006649494171	0.47809505462646484	0.5257428884506226	0.1474962830543518	0.30665525794029236	-0.6899900436401367	0.026740334928035736	0.1398593634366989	0.4504053294658661	-0.07501286268234253	0.11207941174507141	-0.11303369700908661	0.07208772748708725	-0.5452821850776672	0.008506382815539837	0.37726864218711853	0.23394130170345306	0.049940697848796844	0.21155472099781036	0.09119700640439987	0.4871006906032562	0.0015792112099006772	0.17901009321212769
Sal_LABEL_37	0.011844544671475887	0.0873727798461914	-0.025762686505913734	0.5097785592079163	-0.32294556498527527	0.5015458464622498	0.24249699711799622	n/a	0.23979833722114563	0.2599313259124756	0.3957822024822235	-0.06545963883399963	0.1374349296092987	0.03667455539107323	0.11858851462602615	0.005207015201449394	0.09342988580465317	0.2828987240791321	0.1384461671113968	0.3869040012359619	0.5227193236351013	0.3403303921222687	0.026560703292489052	0.20143014192581177	0.20169737935066223	-0.25743746757507324	0.06156696751713753	-0.20155097544193268	0.17672012746334076	0.11942749470472336	0.2747057378292084	-0.35555845499038696	0.12880831956863403	0.5206304788589478	n/a	0.44924697279930115	1.0	-0.16696175932884216	0.008682437241077423	-0.1903572976589203	-0.13987456262111664	0.32319176197052	-0.07345464080572128	0.2428494542837143	0.1398138552904129	0.5587988495826721	-0.017217053100466728	0.31546032428741455	0.04027697816491127	-0.06687873601913452	-0.02952432632446289	-0.5912437438964844	0.35199058055877686	0.10951367020606995	-0.26710590720176697	-0.24983392655849457	-0.2992572486400604	0.4739532172679901	0.5907931923866272	0.18593120574951172	-0.11331430822610855	-0.03617443889379501	-0.35277223587036133	-0.061404116451740265	0.16469904780387878	0.2409871220588684	0.1764821708202362	0.3273722231388092	-0.0706249251961708	0.013806935399770737	-0.012140994891524315	0.12454047799110413	0.0887392908334732	0.15017467737197876	0.14344361424446106	0.16570861637592316	0.2747128903865814	0.4307888448238373	0.2237134873867035	0.03763888031244278
CO_LABEL_38	-0.4139879047870636	-0.21645696461200714	0.2508472800254822	0.07245407998561859	-0.015164081007242203	-0.2124495655298233	-0.418444961309433	n/a	-0.4455069899559021	0.14900940656661987	-0.11258921027183533	0.5994930863380432	0.18510033190250397	-0.39841708540916443	0.2676408588886261	-0.40681764483451843	0.2483157217502594	-0.40029507875442505	-0.3294432461261749	0.17061340808868408	0.06400733441114426	0.16963520646095276	0.011899514123797417	-0.3389810025691986	-0.2740405797958374	-0.25048303604125977	-0.2012876570224762	-0.11471918970346451	-0.2600781321525574	0.419069766998291	0.2274821251630783	0.1355387419462204	-0.25730258226394653	-0.2850588858127594	n/a	0.43232300877571106	-0.16696175932884216	1.0	0.27462080121040344	-0.08882983028888702	0.5245105624198914	0.35842862725257874	-0.18890422582626343	-0.0996146947145462	0.3055693507194519	-0.39643141627311707	0.152891144156456	-0.25957098603248596	-0.08335395157337189	-0.34164297580718994	0.2794158160686493	-0.036180317401885986	-0.3994184732437134	-0.28534603118896484	-0.09793932735919952	0.12952670454978943	0.19621343910694122	-0.030157173052430153	-0.07400839030742645	0.4593561589717865	0.03530142828822136	0.11429162323474884	-0.17131498456001282	-0.07973819226026535	-0.3235892057418823	0.149919793009758	-0.13189172744750977	0.03204435110092163	-0.12999863922595978	-0.21911416947841644	-0.4565354585647583	-0.2958313226699829	0.39577245712280273	0.32311952114105225	-0.3986465036869049	-0.3334481418132782	-0.0452507808804512	-0.09495274722576141	-0.018065914511680603	-0.18067288398742676
SMd_LABEL_39	-0.03100462071597576	-0.39703232049942017	0.34694135189056396	0.009586816653609276	-0.31680968403816223	0.15598897635936737	-0.27139735221862793	n/a	-0.13957582414150238	0.5057787895202637	0.10499031841754913	0.17383216321468353	0.31659916043281555	-0.2292281687259674	0.05473636835813522	-0.11630900204181671	0.29261234402656555	0.03416789323091507	-0.08895410597324371	0.13118420541286469	0.21218238770961761	0.16913916170597076	0.10833676904439926	-0.11144028604030609	0.025905271992087364	-0.264005571603775	0.09839842468500137	-0.06205601245164871	-0.46537208557128906	0.1512756496667862	0.299616277217865	-0.04687801003456116	-0.160202294588089	0.0016751517541706562	n/a	0.2531968653202057	0.008682437241077423	0.27462080121040344	1.0	0.07161727547645569	0.516673743724823	0.1820376217365265	0.10063119977712631	0.306944340467453	0.4749019742012024	-0.14761830866336823	-0.006516088265925646	9.126379882218316e-05	0.4380022883415222	-0.06743515282869339	0.0821612998843193	0.004299462772905827	-0.023841392248868942	-0.09888555109500885	-0.31431570649147034	-0.06199906766414642	0.21076487004756927	0.061668768525123596	0.17159734666347504	0.5591669678688049	0.08828194439411163	0.07523469626903534	0.014582909643650055	0.004472442902624607	-0.06250055879354477	0.6954200267791748	0.5817528963088989	0.20680639147758484	0.00986651424318552	0.08160290867090225	-0.20945270359516144	0.060937076807022095	0.2190564125776291	0.2974584400653839	-0.15692824125289917	0.14212612807750702	-0.06611619889736176	0.03140956163406372	-0.20755529403686523	-0.07332783192396164
SMl_LABEL_40	0.094471774995327	-0.04560811445116997	0.1553167700767517	-0.02168097533285618	0.2345607429742813	-0.15040890872478485	-0.04332000017166138	n/a	0.008926451206207275	0.15303444862365723	0.01324526034295559	-0.14331446588039398	-0.08449620753526688	0.6296132206916809	-0.24779830873012543	0.06387986987829208	-0.0849955603480339	0.008807327598333359	-0.05357259139418602	-0.12066034227609634	-0.034663207828998566	-0.10473757982254028	-0.31920263171195984	-0.19471634924411774	-0.05224040150642395	0.2830072343349457	0.10260435193777084	0.12774379551410675	-0.06505806744098663	0.19533701241016388	0.29493391513824463	0.07724042236804962	-0.09128469973802567	-0.13438470661640167	n/a	-0.07088031619787216	-0.1903572976589203	-0.08882983028888702	0.07161727547645569	1.0	0.06757847964763641	-0.08285300433635712	0.15538977086544037	0.01609504036605358	0.3013204038143158	-0.2730543613433838	-0.20794686675071716	-0.14414793252944946	0.15204653143882751	0.30295875668525696	0.09916403889656067	0.5302112102508545	0.13078004121780396	0.1672242432832718	0.15183484554290771	0.048021018505096436	0.19037044048309326	-0.14019356667995453	0.019343338906764984	-0.09183914214372635	-0.1471392810344696	0.17185711860656738	0.031752195209264755	-0.09899283200502396	-0.242860808968544	-0.10857461392879486	-0.1159929409623146	-0.12894342839717865	-0.095821313560009	-0.1833912879228592	0.02451741322875023	-0.36943763494491577	0.06059058755636215	0.20198415219783783	-0.08230037987232208	0.16095340251922607	-0.20323492586612701	-0.03917958214879036	-0.21242330968379974	-0.044719550758600235
DAN_LABEL_41	-0.24081973731517792	-0.15626265108585358	0.4231436848640442	-0.10412590950727463	-0.3786447048187256	-0.2672509253025055	-0.30809852480888367	n/a	-0.24580779671669006	0.31607502698898315	-0.1296171396970749	0.1615402102470398	0.2248663455247879	-0.3761589825153351	0.3532960116863251	-0.2370392084121704	0.3063059449195862	-0.32006755471229553	-0.30497947335243225	0.2415592074394226	0.05921237915754318	0.4494284987449646	0.2697036564350128	-0.2455505132675171	0.08875978738069534	-0.25769898295402527	-0.15703743696212769	0.04224776849150658	-0.22024033963680267	0.5435298681259155	0.21447184681892395	-0.047856587916612625	-0.2237536907196045	-0.21758049726486206	n/a	0.22479796409606934	-0.13987456262111664	0.5245105624198914	0.516673743724823	0.06757847964763641	1.0	0.298170268535614	0.0818450003862381	0.04324338212609291	0.5809110403060913	-0.44242769479751587	0.37059274315834045	-0.029023760929703712	0.5298982262611389	0.03332437947392464	0.17786040902137756	3.9874448702903464e-05	-0.21641474962234497	0.2362825572490692	-0.2924613058567047	0.26529034972190857	0.3131636679172516	0.018676310777664185	0.03870447725057602	0.3404565155506134	0.0593353733420372	0.17152148485183716	0.14133009314537048	0.098678819835186	-0.05627170577645302	0.31973597407341003	0.236415833234787	0.30279651284217834	0.19438870251178741	0.18919554352760315	-0.14876262843608856	-0.008379167877137661	0.3593573272228241	0.5921840667724609	-0.20766553282737732	-0.17032299935817719	0.005390595644712448	-0.20814035832881927	0.08132455497980118	-0.061964672058820724
CO_LABEL_42	-0.046705566346645355	0.17274121940135956	0.19264908134937286	0.4901279807090759	-0.3371928036212921	0.2952437400817871	0.13819408416748047	n/a	0.103476382791996	0.3190271854400635	-0.06918974220752716	-0.024619711562991142	0.24743691086769104	-0.28552448749542236	0.13207939267158508	0.02407427318394184	0.13363566994667053	0.12856067717075348	-0.07659858465194702	0.17236657440662384	0.14943282306194305	0.20948003232479095	-0.015772385522723198	-0.033238835632801056	0.20405161380767822	-0.3494143486022949	-0.193847194314003	-0.2338716685771942	0.18799802660942078	0.41376280784606934	0.5427432656288147	0.1048889085650444	0.029765328392386436	0.37473464012145996	n/a	0.5383694171905518	0.32319176197052	0.35842862725257874	0.1820376217365265	-0.08285300433635712	0.298170268535614	1.0	-0.09506267309188843	0.1811804473400116	0.3404376208782196	0.1001007929444313	0.04869133234024048	0.14948736131191254	0.2788858115673065	0.016599660739302635	0.22152139246463776	-0.4023098349571228	0.04567377269268036	0.16882933676242828	-0.333898663520813	-0.04097248613834381	0.3369092047214508	0.0968775823712349	0.23895807564258575	0.19945533573627472	-0.00019086753309238702	0.13664421439170837	-0.3402473032474518	0.16621963679790497	0.17035987973213196	0.3051360547542572	0.11195340007543564	0.49310827255249023	0.01828964427113533	0.05057217553257942	-0.35804009437561035	-0.0621839202940464	0.5308291912078857	0.42396605014801025	0.1519879698753357	0.32742199301719666	0.26718759536743164	0.017987249419093132	0.20147758722305298	-0.2173571139574051
VAN_LABEL_43	0.3456123471260071	0.12099838256835938	0.1878509670495987	0.2095571607351303	-0.23075881600379944	-0.040002692490816116	0.07009823620319366	n/a	0.15878739953041077	0.032578129321336746	-0.08572375029325485	-0.2825692892074585	0.24229690432548523	0.1435154229402542	-0.09541140496730804	0.6234363317489624	-0.045045867562294006	0.5109821557998657	0.6560553312301636	-0.2730070650577545	-0.2815217077732086	0.131242036819458	-0.2553919851779938	-0.2073669582605362	0.3592919707298279	-0.2567380666732788	0.15258970856666565	0.6275249719619751	-0.01699453592300415	0.1956678032875061	0.21525566279888153	0.07621809840202332	-0.18359123170375824	0.015135351568460464	n/a	-0.09456992894411087	-0.07345464080572128	-0.18890422582626343	0.10063119977712631	0.15538977086544037	0.0818450003862381	-0.09506267309188843	1.0	0.18530656397342682	0.07177386432886124	-0.04034767672419548	-0.27183955907821655	0.0977068617939949	0.32219013571739197	0.8146881461143494	-0.1718454509973526	0.06827297806739807	0.2165312021970749	0.33196717500686646	0.1401030570268631	0.18424269556999207	0.20374245941638947	-0.19269917905330658	-0.09132864326238632	-0.1033470407128334	-0.17510931193828583	0.2704591751098633	0.14873050153255463	0.2994113862514496	0.14335715770721436	0.04647931456565857	0.22436872124671936	0.10755747556686401	0.29810142517089844	-0.03858683258295059	0.3691655695438385	0.3200910687446594	0.2880617082118988	0.2864050567150116	0.24219036102294922	0.1863749474287033	-0.16461054980754852	0.005163006018847227	-0.02727687358856201	-0.17770899832248688
CO_LABEL_44	0.10816989094018936	-0.0831880047917366	0.3392796218395233	0.5985458493232727	-0.2284223437309265	0.19007669389247894	0.0603354275226593	n/a	0.3075636029243469	0.4532759487628937	0.25943976640701294	-0.07989700138568878	0.3870559632778168	0.1020064428448677	-0.035414453595876694	0.3331470191478729	0.2000228613615036	0.3705075681209564	0.18963876366615295	0.059804048389196396	0.2131204605102539	0.10706218332052231	-0.11882390826940536	-0.19232243299484253	0.33243444561958313	-0.21180976927280426	0.22516290843486786	0.18747365474700928	-0.1777561604976654	0.1439039260149002	0.5340457558631897	-0.050248946994543076	-0.27962902188301086	0.17690543830394745	n/a	0.3969046175479889	0.2428494542837143	-0.0996146947145462	0.306944340467453	0.01609504036605358	0.04324338212609291	0.1811804473400116	0.18530656397342682	1.0	0.25827470421791077	0.22391650080680847	-0.3672506809234619	-0.19378581643104553	0.14201006293296814	0.06337201595306396	0.13282185792922974	-0.14589330554008484	0.38535991311073303	0.0966271385550499	-0.0925007164478302	-0.06341087818145752	0.09018675237894058	0.2922830283641815	0.34415721893310547	0.27699533104896545	-0.05973390117287636	0.39721962809562683	-0.3672388792037964	0.3481316864490509	0.35188183188438416	0.3341708183288574	-0.013370268046855927	0.28062668442726135	0.06536360830068588	0.16235943138599396	-0.155465230345726	0.19305506348609924	0.322549432516098	0.1824404001235962	-0.015473530627787113	0.2848345935344696	-0.11475171893835068	0.3162807822227478	-0.31347858905792236	0.07353102415800095
CO_LABEL_45	-0.4073292911052704	-0.36467817425727844	0.43578827381134033	0.09403727203607559	-0.25926673412323	-0.025201920419931412	-0.4146661162376404	n/a	-0.31627172231674194	0.46336936950683594	0.01841454952955246	0.1794997751712799	0.1844140738248825	-0.11386894434690475	0.13081377744674683	-0.3005540668964386	0.5142637491226196	-0.1703031361103058	-0.3369572162628174	0.47604265809059143	0.40210214257240295	0.32459068298339844	-0.07712515443563461	-0.44995424151420593	-0.07485762238502502	-0.2237699031829834	-0.12463404983282089	-0.2469978779554367	-0.3788965046405792	0.4672764837741852	0.5273017287254333	0.11284783482551575	-0.3388897478580475	-0.23264259099960327	n/a	0.2839375436306	0.1398138552904129	0.3055693507194519	0.4749019742012024	0.3013204038143158	0.5809110403060913	0.3404376208782196	0.07177386432886124	0.25827470421791077	1.0	-0.234968364238739	0.027039598673582077	-0.1274394541978836	0.5387799739837646	-0.021358145400881767	0.19618360698223114	-0.09186455607414246	0.011798263527452946	0.07649553567171097	-0.3495336174964905	-0.05817226320505142	0.299433171749115	0.16290202736854553	0.29086607694625854	0.20550835132598877	-0.242143452167511	-0.01237443182617426	-0.03942112252116203	-0.06765304505825043	-0.19374732673168182	0.19470153748989105	0.22146280109882355	0.3313996195793152	-0.16694870591163635	-0.06661838293075562	-0.28374525904655457	-0.12905296683311462	0.146141916513443	0.4572683274745941	-0.34385499358177185	0.11844804137945175	0.09898171573877335	-0.06894437968730927	-0.20481561124324799	-0.15290233492851257
Sal_LABEL_46	0.2532869279384613	0.04649604856967926	-0.4091717600822449	0.3982999622821808	-0.0032937610521912575	0.4216752052307129	0.2746856212615967	n/a	0.36187323927879333	0.032436028122901917	0.3554990291595459	-0.2979714870452881	0.17899751663208008	0.13679221272468567	-0.038714583963155746	0.26726505160331726	-0.22377534210681915	0.49761325120925903	0.33149221539497375	-0.015002645552158356	0.3627508282661438	0.014805647544562817	-0.2324025183916092	0.27829790115356445	0.10645713657140732	0.12064308673143387	0.06852178275585175	0.05714895948767662	0.11691133677959442	-0.3856707811355591	0.042497772723436356	-0.06654703617095947	0.19545796513557434	0.3568313419818878	n/a	0.1744120717048645	0.5587988495826721	-0.39643141627311707	-0.14761830866336823	-0.2730543613433838	-0.44242769479751587	0.1001007929444313	-0.04034767672419548	0.22391650080680847	-0.234968364238739	1.0	-0.30590084195137024	0.09275736659765244	-0.1949731409549713	0.062344856560230255	-0.21350131928920746	-0.37685614824295044	0.5368584990501404	0.05185204744338989	-0.14984087646007538	-0.1814613789319992	-0.2579576075077057	0.4489329159259796	0.3955780267715454	-0.010219987481832504	-0.03158944845199585	-0.28632956743240356	-0.2856747806072235	-0.10737808048725128	0.2787439227104187	0.0987059473991394	0.05468914657831192	0.14465376734733582	0.028162065893411636	0.13443848490715027	0.22526760399341583	0.24680913984775543	-0.06081468239426613	-0.19446679949760437	0.186445951461792	0.24033713340759277	0.06625321507453918	0.4650008976459503	0.10861276090145111	0.24990533292293549
DAN_LABEL_47	-0.17240075767040253	0.30950379371643066	-0.0593230314552784	-0.3475448489189148	-0.30488061904907227	-0.0925537496805191	0.07886133342981339	n/a	-0.05655636638402939	-0.040760766714811325	-0.09563614428043365	0.12160138785839081	-0.2650061547756195	-0.4019392430782318	0.12757310271263123	-0.4261953830718994	-0.10533252358436584	-0.5177276134490967	-0.3781410753726959	0.17889633774757385	-0.00438880966976285	0.17066091299057007	0.7923216819763184	0.3638767898082733	0.045578062534332275	-0.1677141785621643	-0.31772106885910034	-0.30106186866760254	0.30299708247184753	0.0772484838962555	-0.27925488352775574	-0.1682201623916626	0.42900025844573975	0.006631487049162388	n/a	-0.02402765303850174	-0.017217053100466728	0.152891144156456	-0.006516088265925646	-0.20794686675071716	0.37059274315834045	0.04869133234024048	-0.27183955907821655	-0.3672506809234619	0.027039598673582077	-0.30590084195137024	1.0	0.4900895059108734	0.09294074028730392	-0.2808285355567932	-0.06326428055763245	-0.06949063390493393	-0.4785616397857666	0.09793495386838913	-0.06676524877548218	0.1943719983100891	-0.06895746290683746	-0.03636999428272247	-0.15742889046669006	-0.030238542705774307	0.5302829146385193	0.04995215684175491	0.26357564330101013	0.010510990396142006	0.051594559103250504	0.17383036017417908	0.275814950466156	-0.04361787810921669	0.1995258778333664	0.23121044039726257	-0.0348983108997345	-0.09959211945533752	-0.08070982992649078	0.02145996317267418	0.09285276383161545	-0.03377293795347214	0.23893676698207855	-0.30239683389663696	0.394486665725708	0.29324522614479065
PMN_LABEL_48	0.3508865237236023	0.5079503655433655	-0.2837831377983093	0.03926948457956314	-0.21853141486644745	0.35973653197288513	0.4292393624782562	n/a	0.33622145652770996	0.06482592970132828	0.25439751148223877	-0.2951718270778656	-0.20356102287769318	-0.19032220542430878	-0.2742041051387787	0.04785500094294548	-0.3857874572277069	0.029187850654125214	0.04145431146025658	0.07802524417638779	-0.044712044298648834	0.209345281124115	0.39911115169525146	0.7134649157524109	0.32259297370910645	-0.13567136228084564	-0.17794136703014374	-0.1773563027381897	0.48771029710769653	0.07587340474128723	-0.03924361243844032	-0.05176085606217384	0.696480929851532	0.506097137928009	n/a	0.0052708787843585014	0.31546032428741455	-0.25957098603248596	9.126379882218316e-05	-0.14414793252944946	-0.029023760929703712	0.14948736131191254	0.0977068617939949	-0.19378581643104553	-0.1274394541978836	0.09275736659765244	0.4900895059108734	1.0	0.14696338772773743	0.1863025426864624	-0.1630369871854782	-0.164560467004776	-0.12323066592216492	0.38393551111221313	0.08274334669113159	0.14159691333770752	0.057259611785411835	-0.048793237656354904	-0.03378647565841675	-0.010130236856639385	0.21082065999507904	0.10365958511829376	0.03373101353645325	0.1448546200990677	0.2750834822654724	0.34169188141822815	0.4736824929714203	0.13684546947479248	0.13695254921913147	0.08063985407352448	0.18097692728042603	0.036237895488739014	0.11402174085378647	0.052750080823898315	0.5898758769035339	0.33881860971450806	0.27758705615997314	-0.1642754077911377	0.508928120136261	0.13203416764736176
DAN_LABEL_49	0.05398223176598549	-0.10730913281440735	0.40840306878089905	-0.11654657870531082	-0.4604288935661316	0.02394622564315796	-0.09123075753450394	n/a	-0.03347896784543991	0.26228517293930054	-0.06856542080640793	-0.26223522424697876	0.27342861890792847	-0.24288533627986908	0.045791879296302795	0.059817735105752945	0.272542804479599	0.09407711029052734	-0.14973494410514832	0.2754787504673004	0.00024677644250914454	0.38650375604629517	0.01686847396194935	-0.15741859376430511	0.3910810351371765	-0.2029145509004593	2.721808232308831e-05	-0.08275462687015533	-0.07018806785345078	0.4273258447647095	0.2782357931137085	0.12498722970485687	-0.18298587203025818	0.10276732593774796	n/a	-0.058131374418735504	0.04027697816491127	-0.08335395157337189	0.4380022883415222	0.15204653143882751	0.5298982262611389	0.2788858115673065	0.32219013571739197	0.14201006293296814	0.5387799739837646	-0.1949731409549713	0.09294074028730392	0.14696338772773743	1.0	0.37782996892929077	-0.06349197030067444	0.008372699841856956	0.01916523091495037	0.3914678990840912	-0.32480260729789734	-0.043389540165662766	0.3787875175476074	-0.0018963891780003905	0.08926963061094284	0.07256056368350983	-0.1546134352684021	0.09253880381584167	0.14701183140277863	0.08553314208984375	0.19508731365203857	0.25620290637016296	0.5592758059501648	0.5804885029792786	0.20302735269069672	0.21454893052577972	0.033891141414642334	0.2095998376607895	0.2828199863433838	0.5709661245346069	0.03740118443965912	0.20712849497795105	0.08906560391187668	-0.3423120081424713	0.0638839453458786	-0.24415715038776398
DMN_LABEL_50	0.49686199426651	0.16208402812480927	0.0608755499124527	0.15133169293403625	-0.10452434420585632	0.14453420042991638	0.058181315660476685	n/a	0.17362891137599945	-0.11308535188436508	-0.14666588604450226	-0.4719039797782898	0.13858449459075928	0.22255052626132965	-0.21069328486919403	0.6782668232917786	-0.2482737898826599	0.5322737097740173	0.5593379735946655	-0.32809415459632874	-0.4483562707901001	0.03160330280661583	-0.3689020276069641	0.0031802912708371878	0.31926748156547546	-0.05147148296236992	0.14962130784988403	0.5797728300094604	0.08635455369949341	0.23477980494499207	0.17632339894771576	0.14932243525981903	0.002743120538070798	0.03987857326865196	n/a	-0.2619321942329407	-0.06687873601913452	-0.34164297580718994	-0.06743515282869339	0.30295875668525696	0.03332437947392464	0.016599660739302635	0.8146881461143494	0.06337201595306396	-0.021358145400881767	0.062344856560230255	-0.2808285355567932	0.1863025426864624	0.37782996892929077	1.0	-0.16161882877349854	0.13583093881607056	0.3497283458709717	0.45958957076072693	0.176750048995018	0.11405102163553238	0.16462936997413635	-0.2603139877319336	-0.1385808289051056	-0.30228525400161743	-0.2646365761756897	0.2190689593553543	0.26261135935783386	0.2793352007865906	0.1965794712305069	-0.05338190495967865	0.17826317250728607	0.22409364581108093	0.3418044447898865	-0.07304389029741287	0.5379586815834045	0.3259088099002838	0.28492602705955505	0.2869066298007965	0.2693077027797699	0.1945313662290573	-0.20536290109157562	-0.10783524811267853	0.0017902288818731904	-0.21737083792686462
FP_LABEL_51	-0.19335249066352844	-0.15162670612335205	0.30919507145881653	0.21159064769744873	0.2825590670108795	-0.04225049540400505	-0.11192777007818222	n/a	-0.05239281803369522	0.14554709196090698	-0.019664354622364044	0.3611578941345215	-0.04791142791509628	-0.049685001373291016	0.012527409009635448	-0.20345138013362885	-0.01641494780778885	-0.2652907967567444	-0.15490472316741943	0.14305861294269562	-0.08190781623125076	-0.275296688079834	0.024487420916557312	-0.12202759087085724	-0.07767020165920258	-0.1758987307548523	0.2253851741552353	-0.12982825934886932	-0.14337758719921112	0.4939276874065399	0.3020542562007904	0.1444951295852661	0.1382017731666565	-0.0014902814291417599	n/a	0.2953285276889801	-0.02952432632446289	0.2794158160686493	0.0821612998843193	0.09916403889656067	0.17786040902137756	0.22152139246463776	-0.1718454509973526	0.13282185792922974	0.19618360698223114	-0.21350131928920746	-0.06326428055763245	-0.1630369871854782	-0.06349197030067444	-0.16161882877349854	1.0	0.3037550747394562	-0.23549415171146393	-0.1381193846464157	0.2852421998977661	0.047141965478658676	0.16721311211585999	-0.14646048843860626	-0.05795195698738098	0.21903732419013977	-0.17354880273342133	0.32747524976730347	-0.23821820318698883	0.19846099615097046	-0.09609006345272064	0.156025230884552	-0.28979483246803284	-0.007318795192986727	0.10990837216377258	-0.06737983971834183	-0.424134224653244	-0.09642665833234787	0.19025079905986786	-0.145381897687912	-0.13468629121780396	-0.16367915272712708	-0.0966317430138588	0.17897531390190125	-0.23321913182735443	0.1049976572394371
DMN_LABEL_52	0.1931082159280777	-0.08057154715061188	0.048505399376153946	-0.29055413603782654	0.5596163868904114	-0.3388056755065918	-0.03979984298348427	n/a	0.0009570345864631236	-0.08156027644872665	0.05551716685295105	0.04168885573744774	-0.07542005181312561	0.36327895522117615	-0.2145158350467682	0.003784635802730918	-0.24519804120063782	-0.1556648164987564	-0.05401555076241493	-0.29912155866622925	-0.3488979637622833	-0.28090688586235046	-0.10499988496303558	0.012274925597012043	0.015709487721323967	0.3881074786186218	0.3540063798427582	0.172268345952034	-0.15865235030651093	0.04867779091000557	-0.08752598613500595	0.3541184067726135	0.08254115283489227	-0.2827157974243164	n/a	-0.24665330350399017	-0.5912437438964844	-0.036180317401885986	0.004299462772905827	0.5302112102508545	3.9874448702903464e-05	-0.4023098349571228	0.06827297806739807	-0.14589330554008484	-0.09186455607414246	-0.37685614824295044	-0.06949063390493393	-0.164560467004776	0.008372699841856956	0.13583093881607056	0.3037550747394562	1.0	-0.24596287310123444	-0.048396576195955276	0.5558575391769409	0.22942690551280975	0.2593717575073242	-0.42650097608566284	-0.4150795042514801	-0.06986847519874573	-0.021321866661310196	0.20494677126407623	0.14439523220062256	0.021118925884366035	-0.16583609580993652	-0.11691313982009888	-0.24520665407180786	-0.3629858195781708	0.00765956798568368	-0.006595290265977383	0.022433320060372353	-0.2075997143983841	-0.07429665327072144	-0.15795394778251648	-0.10457552224397659	-0.13760167360305786	-0.3707159757614136	-0.17203447222709656	-0.3060706555843353	0.03197817876935005
DMN_LABEL_53	0.2734226882457733	-0.12481579184532166	0.004075085744261742	0.3516048789024353	-0.12719783186912537	0.220394104719162	0.17427486181259155	n/a	0.3456053137779236	0.23383274674415588	0.18783408403396606	-0.39472416043281555	0.17972414195537567	0.4560292959213257	0.06630022078752518	0.602569580078125	-0.042415592819452286	0.5951423645019531	0.46919015049934387	-0.2765519618988037	0.15205049514770508	0.013707086443901062	-0.3269302248954773	0.03935515880584717	0.12278995662927628	0.19590985774993896	0.14822342991828918	0.32257896661758423	-0.118780717253685	-0.2643861174583435	0.12983585894107819	-0.18974100053310394	-0.12875352799892426	0.142098069190979	n/a	0.15057627856731415	0.35199058055877686	-0.3994184732437134	-0.023841392248868942	0.13078004121780396	-0.21641474962234497	0.04567377269268036	0.2165312021970749	0.38535991311073303	0.011798263527452946	0.5368584990501404	-0.4785616397857666	-0.12323066592216492	0.01916523091495037	0.3497283458709717	-0.23549415171146393	-0.24596287310123444	1.0	0.05273496359586716	-0.13514277338981628	-0.19885435700416565	-0.14905253052711487	0.3764025568962097	0.47809717059135437	-0.08271176367998123	-0.1052020713686943	-0.0984780564904213	-0.20989389717578888	0.037608664482831955	0.24501004815101624	0.014591882936656475	0.05931219086050987	0.08330052345991135	0.028234120458364487	-0.04484737291932106	0.327790230512619	0.2805284261703491	-0.07980702817440033	-0.008024591021239758	0.03956429287791252	0.26836374402046204	-0.06944366544485092	0.4020206034183502	-0.14808645844459534	0.1467868536710739
PON_LABEL_54	0.29657718539237976	0.46557992696762085	-0.1376670002937317	0.05009832978248596	-0.20941391587257385	-0.06853611767292023	0.27832266688346863	n/a	0.29994481801986694	0.04283954203128815	0.08725834637880325	-0.6872656345367432	-0.0945490375161171	0.06634607911109924	-0.1953553855419159	0.19892507791519165	-0.3214476704597473	0.047625407576560974	0.13538385927677155	0.12821510434150696	-0.03972472995519638	0.4533051550388336	-0.00011268528760410845	0.11364765465259552	0.49341505765914917	0.026265893131494522	-0.17988671362400055	0.24649100005626678	0.46667447686195374	0.23485779762268066	0.08592886477708817	0.03760240599513054	0.16440074145793915	0.26721620559692383	n/a	-0.0831422433257103	0.10951367020606995	-0.28534603118896484	-0.09888555109500885	0.1672242432832718	0.2362825572490692	0.16882933676242828	0.33196717500686646	0.0966271385550499	0.07649553567171097	0.05185204744338989	0.09793495386838913	0.38393551111221313	0.3914678990840912	0.45958957076072693	-0.1381193846464157	-0.048396576195955276	0.05273496359586716	1.0	-0.12697088718414307	0.4457627534866333	0.3103352189064026	-0.07709812372922897	-0.14260543882846832	-0.08832811564207077	-0.10373363643884659	0.10040687024593353	-0.033473189920186996	0.1604829728603363	0.19330482184886932	0.0037877270951867104	0.1497194468975067	0.3449593186378479	0.2135588824748993	0.19340288639068604	0.31548383831977844	0.012469258159399033	0.3669285178184509	0.3419002294540405	0.43427008390426636	0.18448364734649658	-0.00010798418225022033	-0.12784117460250854	0.3731614947319031	-0.14305776357650757
DMN_LABEL_55	0.3388407826423645	0.166226327419281	-0.11871438473463058	0.0030662992503494024	0.6043471097946167	-0.1118571013212204	0.06529805064201355	n/a	0.22737982869148254	-0.1834745705127716	0.071634940803051	0.11730887740850449	-0.047487519681453705	0.2505809962749481	-0.22988514602184296	0.1503790318965912	-0.3853914439678192	0.036087099462747574	0.15526920557022095	-0.23088252544403076	-0.33977046608924866	-0.3115386664867401	-0.11605270206928253	0.24965742230415344	0.04744987562298775	0.22788937389850616	0.4514474868774414	0.27544206380844116	0.1400778740644455	0.028163492679595947	-0.023633591830730438	0.28718599677085876	0.22800225019454956	-0.18787142634391785	n/a	-0.1620052456855774	-0.26710590720176697	-0.09793932735919952	-0.31431570649147034	0.15183484554290771	-0.2924613058567047	-0.333898663520813	0.1401030570268631	-0.0925007164478302	-0.3495336174964905	-0.14984087646007538	-0.06676524877548218	0.08274334669113159	-0.32480260729789734	0.176750048995018	0.2852421998977661	0.5558575391769409	-0.13514277338981628	-0.12697088718414307	1.0	0.2110307812690735	0.07877057790756226	-0.330398291349411	-0.3039841651916504	-0.011147641576826572	0.016957204788923264	0.38091397285461426	0.011516546830534935	0.14334142208099365	0.08393993228673935	-0.2004449963569641	-0.3869308829307556	-0.30515173077583313	0.030612578615546227	-0.21506044268608093	0.1468305140733719	-0.2168348729610443	0.047190431505441666	-0.22870701551437378	0.12953312695026398	-0.02353721112012863	-0.10537698119878769	0.06499505043029785	-0.11576195806264877	0.24274946749210358
Tpole_LABEL_56	0.2844785749912262	0.29237449169158936	-0.07146959751844406	0.043062999844551086	0.050817180424928665	-0.3969208002090454	0.08986742794513702	n/a	0.23776350915431976	0.111435666680336	0.18456219136714935	-0.251845121383667	0.02012391947209835	0.09774379432201385	0.12531296908855438	0.10561273992061615	-0.18291042745113373	-0.19471855461597443	0.02724299393594265	0.07206491380929947	-0.024071216583251953	0.4697791635990143	0.1036454513669014	0.21684619784355164	0.28412625193595886	0.1627715826034546	0.06961173564195633	0.35507678985595703	0.1853056401014328	0.080914705991745	0.01960640959441662	0.05330021306872368	0.1796862930059433	-0.15541203320026398	n/a	0.11207539588212967	-0.24983392655849457	0.12952670454978943	-0.06199906766414642	0.048021018505096436	0.26529034972190857	-0.04097248613834381	0.18424269556999207	-0.06341087818145752	-0.05817226320505142	-0.1814613789319992	0.1943719983100891	0.14159691333770752	-0.043389540165662766	0.11405102163553238	0.047141965478658676	0.22942690551280975	-0.19885435700416565	0.4457627534866333	0.2110307812690735	1.0	0.5217633843421936	-0.04892131686210632	-0.10553047806024551	0.24632908403873444	0.15343277156352997	0.31430280208587646	-0.03281618282198906	-0.009633166715502739	-0.04770527780056	0.06919082999229431	-0.04360942170023918	-0.09422221779823303	0.09575378149747849	-0.028133654966950417	0.09263026714324951	-0.24070720374584198	0.27096524834632874	0.2017315924167633	0.321787565946579	-0.14729157090187073	-0.06705309450626373	0.08050572127103806	0.13531675934791565	0.0681389719247818
Tpole_LABEL_57	0.11638782173395157	0.048812251538038254	0.07938973605632782	0.039101094007492065	0.09805043786764145	-0.2404303103685379	0.029994146898388863	n/a	0.09873386472463608	0.3583766222000122	-0.026853522285819054	-0.15777090191841125	0.20221076905727386	-0.05946408212184906	-0.005765795242041349	0.11853955686092377	0.03487466275691986	-0.058753371238708496	-0.08529920876026154	-0.030804678797721863	-0.15731610357761383	0.3025258481502533	-0.16412587463855743	-0.07596708834171295	0.24621981382369995	0.18375737965106964	-0.10415177792310715	0.07828904688358307	-0.013358473777770996	0.21492572128772736	0.41185569763183594	0.547990620136261	-0.08961436152458191	-0.07872258871793747	n/a	0.2053638994693756	-0.2992572486400604	0.19621343910694122	0.21076487004756927	0.19037044048309326	0.3131636679172516	0.3369092047214508	0.20374245941638947	0.09018675237894058	0.299433171749115	-0.2579576075077057	-0.06895746290683746	0.057259611785411835	0.3787875175476074	0.16462936997413635	0.16721311211585999	0.2593717575073242	-0.14905253052711487	0.3103352189064026	0.07877057790756226	0.5217633843421936	1.0	-0.23834919929504395	-0.12716205418109894	0.3423672020435333	0.009401272982358932	0.2853519916534424	-0.1766902655363083	0.0359419584274292	0.039728548377752304	0.10586727410554886	0.08120794594287872	0.31520575284957886	-0.13061048090457916	-0.0482255220413208	-0.15660515427589417	-0.24950659275054932	0.41285303235054016	0.34147682785987854	0.11055398732423782	0.16572058200836182	0.045143671333789825	-0.18698903918266296	-0.004574306774884462	-0.11023309081792831
Sal_LABEL_58	0.07851038873195648	-0.07911712676286697	0.26543015241622925	0.3756040930747986	-0.3999563157558441	0.12126190215349197	0.14631088078022003	n/a	0.2507490813732147	0.314836323261261	0.5213707685470581	-0.07645345479249954	0.1769620031118393	0.12520398199558258	0.34095317125320435	-0.032418619841337204	0.29363349080085754	0.20794141292572021	-0.14575864374637604	0.363211989402771	0.6517730951309204	0.3212142884731293	0.1481412649154663	0.10885323584079742	0.08234802633523941	-0.16032472252845764	0.11015313118696213	-0.11556031554937363	-0.07827815413475037	-0.025532839819788933	0.19342468678951263	-0.41252705454826355	-0.01682332344353199	0.26826542615890503	n/a	0.3465006649494171	0.4739532172679901	-0.030157173052430153	0.061668768525123596	-0.14019356667995453	0.018676310777664185	0.0968775823712349	-0.19269917905330658	0.2922830283641815	0.16290202736854553	0.4489329159259796	-0.03636999428272247	-0.048793237656354904	-0.0018963891780003905	-0.2603139877319336	-0.14646048843860626	-0.42650097608566284	0.3764025568962097	-0.07709812372922897	-0.330398291349411	-0.04892131686210632	-0.23834919929504395	1.0	0.8459497094154358	0.2830536365509033	0.030697686597704887	-0.030872143805027008	-0.3974321484565735	-0.07122861593961716	0.13535134494304657	0.2738300859928131	0.14944623410701752	0.030569661408662796	0.03786586970090866	0.10677524656057358	-0.1757683902978897	-0.0023699384182691574	-0.11492076516151428	0.11174225062131882	0.0603506825864315	0.11755545437335968	0.23118166625499725	0.527664840221405	0.08318349719047546	0.31421568989753723
Sal_LABEL_59	0.0322328545153141	-0.13899244368076324	0.31889405846595764	0.5178866386413574	-0.41703712940216064	0.18949788808822632	0.16164149343967438	n/a	0.2777765095233917	0.42463427782058716	0.42060866951942444	-0.0009310342138633132	0.304156631231308	0.25082695484161377	0.43638935685157776	0.03911009803414345	0.41521236300468445	0.35152125358581543	-0.08980868756771088	0.3618229627609253	0.60857093334198	0.33357781171798706	-0.009737608954310417	0.0606076642870903	0.12108932435512543	-0.16349220275878906	0.19337226450443268	-0.138542041182518	-0.14413140714168549	0.071658656001091	0.4201124906539917	-0.45782211422920227	-0.08055057376623154	0.3015464246273041	n/a	0.47809505462646484	0.5907931923866272	-0.07400839030742645	0.17159734666347504	0.019343338906764984	0.03870447725057602	0.23895807564258575	-0.09132864326238632	0.34415721893310547	0.29086607694625854	0.3955780267715454	-0.15742889046669006	-0.03378647565841675	0.08926963061094284	-0.1385808289051056	-0.05795195698738098	-0.4150795042514801	0.47809717059135437	-0.14260543882846832	-0.3039841651916504	-0.10553047806024551	-0.12716205418109894	0.8459497094154358	1.0	0.2953324317932129	-0.056591909378767014	0.04046235233545303	-0.3680119514465332	-0.1663665920495987	0.0918380543589592	0.3242613971233368	0.15788114070892334	0.07813996821641922	-0.09502667188644409	0.043042805045843124	-0.24595504999160767	-0.012051974423229694	-0.0807771310210228	0.23705974221229553	0.10949724912643433	0.20370852947235107	0.27324607968330383	0.5709230899810791	-0.04510461911559105	0.2160569131374359
SMd_LABEL_60	0.017239190638065338	-0.18489864468574524	0.19287317991256714	0.20827491581439972	-0.043434448540210724	0.012854798696935177	-0.15522529184818268	n/a	0.03915336728096008	0.46247780323028564	0.3448290228843689	0.20879621803760529	0.26699528098106384	-0.13562314212322235	0.2182329297065735	-0.19381052255630493	0.19731631875038147	-0.07434093207120895	-0.15359020233154297	0.2888036072254181	0.329768568277359	0.4332304000854492	0.005982657894492149	-0.005952213890850544	0.15235303342342377	-0.08323775231838226	0.17262034118175507	-0.02872844599187374	-0.21154330670833588	0.2701930105686188	0.2912102937698364	0.051111966371536255	-0.07017059624195099	0.09765257686376572	n/a	0.5257428884506226	0.18593120574951172	0.4593561589717865	0.5591669678688049	-0.09183914214372635	0.3404565155506134	0.19945533573627472	-0.1033470407128334	0.27699533104896545	0.20550835132598877	-0.010219987481832504	-0.030238542705774307	-0.010130236856639385	0.07256056368350983	-0.30228525400161743	0.21903732419013977	-0.06986847519874573	-0.08271176367998123	-0.08832811564207077	-0.011147641576826572	0.24632908403873444	0.3423672020435333	0.2830536365509033	0.2953324317932129	1.0	0.09350918978452682	0.34841060638427734	-0.37761247158050537	0.003793528536334634	0.08834726363420486	0.5330348610877991	0.1975163221359253	0.2288416028022766	-0.07922016829252243	-0.11772846430540085	-0.291581928730011	-0.17680767178535461	0.4072931706905365	0.2829188108444214	-0.03680935874581337	-0.11439873278141022	0.07518374919891357	0.30311545729637146	0.10568615794181824	0.016669893637299538
DAN_LABEL_61	0.07562431693077087	0.43219757080078125	-0.12840896844863892	-0.13266508281230927	-0.06101502478122711	-0.13044750690460205	0.42761653661727905	n/a	0.2655281722545624	0.17120206356048584	0.040356069803237915	-0.0382225327193737	-0.1838563084602356	-0.1550052911043167	0.19512976706027985	-0.020380999892950058	-0.09953108429908752	-0.16987554728984833	-0.07676549255847931	-0.21267232298851013	-0.03388975188136101	-0.012370776385068893	0.5381728410720825	0.29741403460502625	0.09333514422178268	-0.030946675688028336	-0.11949165910482407	0.008472264744341373	0.3660856783390045	-0.31240954995155334	-0.13623346388339996	-0.06151321157813072	0.16816547513008118	0.09745918214321136	n/a	0.1474962830543518	-0.11331430822610855	0.03530142828822136	0.08828194439411163	-0.1471392810344696	0.0593353733420372	-0.00019086753309238702	-0.17510931193828583	-0.05973390117287636	-0.242143452167511	-0.03158944845199585	0.5302829146385193	0.21082065999507904	-0.1546134352684021	-0.2646365761756897	-0.17354880273342133	-0.021321866661310196	-0.1052020713686943	-0.10373363643884659	0.016957204788923264	0.15343277156352997	0.009401272982358932	0.030697686597704887	-0.056591909378767014	0.09350918978452682	1.0	0.19717326760292053	-0.07866676896810532	0.05362789332866669	0.3126521110534668	0.21714714169502258	0.22897744178771973	-0.23875729739665985	0.2186729609966278	0.27809837460517883	-0.11330064386129379	-0.11552689969539642	-0.1528373658657074	-0.08643078058958054	0.23142646253108978	0.2519403100013733	0.059280529618263245	0.07360339164733887	0.23252259194850922	0.4945129156112671
FP_LABEL_62	0.2953595221042633	0.3659311830997467	0.41969597339630127	0.41340023279190063	-0.009154793806374073	-0.07725070416927338	0.21011537313461304	n/a	0.4023117125034332	0.2518993616104126	0.0556902214884758	-0.006677009165287018	0.21008199453353882	0.10360194742679596	0.11798542737960815	0.2678208649158478	0.010665487498044968	0.1051192432641983	0.04511440545320511	-0.01412162184715271	-0.2195289582014084	0.0796218067407608	0.1078086867928505	0.05368305370211601	0.5293341279029846	-0.30811023712158203	0.38190293312072754	0.2597397565841675	0.22765424847602844	0.5304994583129883	0.407410204410553	0.10615195333957672	-0.005599296651780605	0.1297394186258316	n/a	0.30665525794029236	-0.03617443889379501	0.11429162323474884	0.07523469626903534	0.17185711860656738	0.17152148485183716	0.13664421439170837	0.2704591751098633	0.39721962809562683	-0.01237443182617426	-0.28632956743240356	0.04995215684175491	0.10365958511829376	0.09253880381584167	0.2190689593553543	0.32747524976730347	0.20494677126407623	-0.0984780564904213	0.10040687024593353	0.38091397285461426	0.31430280208587646	0.2853519916534424	-0.030872143805027008	0.04046235233545303	0.34841060638427734	0.19717326760292053	1.0	-0.17743569612503052	0.543189287185669	0.4487546682357788	0.32395127415657043	-0.04280886426568031	0.08593815565109253	0.24810436367988586	0.03603581339120865	-0.13642530143260956	0.022129293531179428	0.45961225032806396	0.2901431918144226	0.26464715600013733	0.15225236117839813	0.037769999355077744	0.18446435034275055	-0.012493686750531197	0.04065685719251633
DMN_LABEL_63	-0.11168655753135681	-0.19224558770656586	-0.15328429639339447	-0.5693835616111755	0.004596524406224489	-0.04920060560107231	-0.43762627243995667	n/a	-0.48400047421455383	-0.6138026118278503	-0.5597469210624695	0.052910562604665756	-0.06582607328891754	-0.14107249677181244	-0.18145325779914856	-0.05516020208597183	0.013340023346245289	-0.12507294118404388	-0.08237829059362411	-0.16596801578998566	-0.4998769462108612	-0.16436611115932465	0.06170562654733658	0.023427831009030342	-0.2615160346031189	0.18033669888973236	-0.08464212715625763	0.1717895269393921	-0.23193205893039703	-0.0647253468632698	-0.41746440529823303	0.007507143076509237	0.07799217849969864	-0.4892519414424896	n/a	-0.6899900436401367	-0.35277223587036133	-0.17131498456001282	0.014582909643650055	0.031752195209264755	0.14133009314537048	-0.3402473032474518	0.14873050153255463	-0.3672388792037964	-0.03942112252116203	-0.2856747806072235	0.26357564330101013	0.03373101353645325	0.14701183140277863	0.26261135935783386	-0.23821820318698883	0.14439523220062256	-0.20989389717578888	-0.033473189920186996	0.011516546830534935	-0.03281618282198906	-0.1766902655363083	-0.3974321484565735	-0.3680119514465332	-0.37761247158050537	-0.07866676896810532	-0.17743569612503052	1.0	0.03471808508038521	-0.06719394028186798	-0.27173542976379395	0.11874682456254959	0.03621675819158554	0.141317680478096	-0.05433989688754082	0.5323312878608704	0.1828354150056839	-0.2883319854736328	-0.04597068578004837	-0.1813380867242813	-0.3666999936103821	0.045871708542108536	-0.5732337236404419	-0.026868635788559914	-0.18912391364574432
FP_LABEL_64	0.26784300804138184	0.3281593322753906	0.2763081192970276	0.21892927587032318	-0.04425942897796631	0.09994402527809143	0.22420734167099	n/a	0.23619584739208221	-0.03863103315234184	-0.08562657982110977	-0.24665603041648865	-0.013516571372747421	-0.05249722674489021	-0.15428899228572845	0.4199714660644531	-0.06899192929267883	0.2704915404319763	0.34218358993530273	-0.3338184356689453	-0.32008570432662964	-0.12881623208522797	0.19824334979057312	0.008423696272075176	0.41268190741539	-0.2943533957004547	0.20744334161281586	0.36824774742126465	0.16289019584655762	0.3223653733730316	0.05705871805548668	0.16759930551052094	0.0451054684817791	0.24591363966464996	n/a	0.026740334928035736	-0.061404116451740265	-0.07973819226026535	0.004472442902624607	-0.09899283200502396	0.098678819835186	0.16621963679790497	0.2994113862514496	0.3481316864490509	-0.06765304505825043	-0.10737808048725128	0.010510990396142006	0.1448546200990677	0.08553314208984375	0.2793352007865906	0.19846099615097046	0.021118925884366035	0.037608664482831955	0.1604829728603363	0.14334142208099365	-0.009633166715502739	0.0359419584274292	-0.07122861593961716	-0.1663665920495987	0.003793528536334634	0.05362789332866669	0.543189287185669	0.03471808508038521	1.0	0.5953407883644104	0.12902489304542542	-0.053149010986089706	0.19466248154640198	0.5029927492141724	0.24051082134246826	0.17832441627979279	0.40079769492149353	0.238677516579628	0.061357609927654266	0.15910901129245758	0.13876506686210632	0.08944807946681976	-0.020511994138360023	0.19716697931289673	-0.08442586660385132
FP_LABEL_65	0.4011313021183014	0.418392539024353	0.037099309265613556	0.22897477447986603	-0.08639338612556458	0.11439812183380127	0.46797671914100647	n/a	0.5450601577758789	0.0897422581911087	0.062305551022291183	-0.37164804339408875	0.17749783396720886	-0.05597051978111267	0.07109696418046951	0.44895264506340027	-0.001153374440036714	0.3999533951282501	0.18910737335681915	-0.13736216723918915	-0.13731323182582855	0.036805249750614166	0.1301405131816864	0.29592862725257874	0.6145240664482117	-0.09999124705791473	0.19261784851551056	0.20408496260643005	0.34966838359832764	0.07123760133981705	0.06635110080242157	0.21235406398773193	0.09169477224349976	0.3587074875831604	n/a	0.1398593634366989	0.16469904780387878	-0.3235892057418823	-0.06250055879354477	-0.242860808968544	-0.05627170577645302	0.17035987973213196	0.14335715770721436	0.35188183188438416	-0.19374732673168182	0.2787439227104187	0.051594559103250504	0.2750834822654724	0.19508731365203857	0.1965794712305069	-0.09609006345272064	-0.16583609580993652	0.24501004815101624	0.19330482184886932	0.08393993228673935	-0.04770527780056	0.039728548377752304	0.13535134494304657	0.0918380543589592	0.08834726363420486	0.3126521110534668	0.4487546682357788	-0.06719394028186798	0.5953407883644104	1.0	0.1603284776210785	0.12647543847560883	0.3745235204696655	0.35510382056236267	0.35130575299263	0.1923166960477829	0.4507758617401123	0.1260569840669632	0.1299256831407547	0.39140090346336365	0.3568776845932007	0.2910221517086029	0.09500657767057419	0.26894623041152954	0.16615130007266998
SMd_LABEL_66	0.26109519600868225	-0.006212509237229824	0.3423665463924408	0.36078712344169617	-0.4653722643852234	0.3735930621623993	0.1296926736831665	n/a	0.3562031686306	0.57658851146698	0.32201945781707764	0.06586799770593643	0.262937068939209	-0.22467206418514252	0.16744351387023926	0.052678026258945465	-0.01945970579981804	0.1599462479352951	-0.01761503331363201	0.21250641345977783	0.2730039656162262	0.19911670684814453	0.35947516560554504	0.313007116317749	0.3635326027870178	-0.5112813115119934	0.16817796230316162	-0.18243807554244995	-0.0843362882733345	0.22930032014846802	0.30139750242233276	-0.1632949411869049	0.2824484407901764	0.4508448839187622	n/a	0.4504053294658661	0.2409871220588684	0.149919793009758	0.6954200267791748	-0.10857461392879486	0.31973597407341003	0.3051360547542572	0.04647931456565857	0.3341708183288574	0.19470153748989105	0.0987059473991394	0.17383036017417908	0.34169188141822815	0.25620290637016296	-0.05338190495967865	0.156025230884552	-0.11691313982009888	0.014591882936656475	0.0037877270951867104	-0.2004449963569641	0.06919082999229431	0.10586727410554886	0.2738300859928131	0.3242613971233368	0.5330348610877991	0.21714714169502258	0.32395127415657043	-0.27173542976379395	0.12902489304542542	0.1603284776210785	1.0	0.6174116730690002	0.13883183896541595	0.17883338034152985	0.2623122036457062	-0.32997480034828186	0.1846066117286682	0.36052030324935913	0.20789673924446106	0.25774914026260376	0.34712108969688416	-0.04581550136208534	0.24549736082553864	-0.044319454580545425	0.1298246830701828
SMl_LABEL_67	0.18352212011814117	-0.04950345307588577	0.14354664087295532	-0.10941459238529205	-0.5507408976554871	0.30273693799972534	0.04888457804918289	n/a	0.0714971199631691	0.22610019147396088	0.09358624368906021	-0.2680681049823761	0.042905811220407486	-0.2769841253757477	-0.0015611684648320079	0.05191033333539963	0.07330304384231567	0.15757547318935394	-0.006326695904135704	0.14731696248054504	0.1054515689611435	0.2433079332113266	0.2646888196468353	0.2786567211151123	0.18697570264339447	-0.30631181597709656	-0.06874941289424896	-0.14195406436920166	-0.041072454303503036	0.02125733718276024	0.04525045305490494	-0.15953277051448822	0.1777046024799347	0.2668849229812622	n/a	-0.07501286268234253	0.1764821708202362	-0.13189172744750977	0.5817528963088989	-0.1159929409623146	0.236415833234787	0.11195340007543564	0.22436872124671936	-0.013370268046855927	0.22146280109882355	0.05468914657831192	0.275814950466156	0.4736824929714203	0.5592758059501648	0.17826317250728607	-0.28979483246803284	-0.24520665407180786	0.05931219086050987	0.1497194468975067	-0.3869308829307556	-0.04360942170023918	0.08120794594287872	0.14944623410701752	0.15788114070892334	0.1975163221359253	0.22897744178771973	-0.04280886426568031	0.11874682456254959	-0.053149010986089706	0.12647543847560883	0.6174116730690002	1.0	0.22940278053283691	0.14405027031898499	0.07005888223648071	0.1167558878660202	0.16110144555568695	0.029570529237389565	0.2470133751630783	0.270259827375412	0.31202855706214905	0.06267746537923813	-0.11148930341005325	0.1711064726114273	-0.009405532851815224
SMd_LABEL_68	0.05477292835712433	-0.1020236536860466	0.0906279906630516	0.13503555953502655	-0.2973444163799286	0.2726743817329407	-0.17448769509792328	n/a	-0.04337529465556145	0.19539795815944672	-0.10751111060380936	-0.11376555263996124	0.4258178174495697	-0.3961333632469177	-0.03483851999044418	0.09957467019557953	0.11766309291124344	0.0948878675699234	-0.045204583555459976	0.2793351113796234	-0.019093703478574753	0.39559903740882874	-0.13739998638629913	-0.05019144341349602	0.25486841797828674	-0.139992818236351	-0.15441279113292694	-0.00486378651112318	-0.022311165928840637	0.3763267993927002	0.29638946056365967	0.29986098408699036	-0.089323490858078	0.17807304859161377	n/a	0.11207941174507141	0.3273722231388092	0.03204435110092163	0.20680639147758484	-0.12894342839717865	0.30279651284217834	0.49310827255249023	0.10755747556686401	0.28062668442726135	0.3313996195793152	0.14465376734733582	-0.04361787810921669	0.13684546947479248	0.5804885029792786	0.22409364581108093	-0.007318795192986727	-0.3629858195781708	0.08330052345991135	0.3449593186378479	-0.30515173077583313	-0.09422221779823303	0.31520575284957886	0.030569661408662796	0.07813996821641922	0.2288416028022766	-0.23875729739665985	0.08593815565109253	0.03621675819158554	0.19466248154640198	0.3745235204696655	0.13883183896541595	0.22940278053283691	1.0	0.22609250247478485	0.19564460217952728	0.10945013165473938	0.2683658301830292	0.5430137515068054	0.5270261168479919	-0.12466353178024292	0.1056380495429039	0.26086562871932983	-0.2074805349111557	0.09706276655197144	-0.2679533064365387
DMN_LABEL_69	0.30290812253952026	0.2723930776119232	0.12318766117095947	-0.03657487779855728	-0.2381981760263443	0.05059849098324776	0.14051306247711182	n/a	0.1553470939397812	-0.023079313337802887	-0.12314000725746155	-0.21000880002975464	-0.08471992611885071	-0.19542880356311798	0.009905034676194191	0.3018552362918854	-0.2805515229701996	0.05771023407578468	0.25757476687431335	-0.08000708371400833	-0.26834818720817566	0.058253753930330276	0.311464786529541	0.08359255641698837	0.2457519918680191	-0.2837229371070862	0.09614560008049011	0.35779914259910583	0.23101136088371277	0.18297222256660461	-0.1302364319562912	-0.009527008980512619	0.22947147488594055	0.22662359476089478	n/a	-0.11303369700908661	-0.0706249251961708	-0.12999863922595978	0.00986651424318552	-0.095821313560009	0.19438870251178741	0.01828964427113533	0.29810142517089844	0.06536360830068588	-0.16694870591163635	0.028162065893411636	0.1995258778333664	0.13695254921913147	0.20302735269069672	0.3418044447898865	0.10990837216377258	0.00765956798568368	0.028234120458364487	0.2135588824748993	0.030612578615546227	0.09575378149747849	-0.13061048090457916	0.03786586970090866	-0.09502667188644409	-0.07922016829252243	0.2186729609966278	0.24810436367988586	0.141317680478096	0.5029927492141724	0.35510382056236267	0.17883338034152985	0.14405027031898499	0.22609250247478485	1.0	0.5069725513458252	0.17277635633945465	0.3876481056213379	0.21708162128925323	0.033593740314245224	0.18814893066883087	0.06332644820213318	0.04608188569545746	0.07078856974840164	0.19951015710830688	0.1617784947156906
DAN_LABEL_70	0.1329769641160965	0.23644520342350006	0.002803083509206772	-0.03060639090836048	-0.2639080882072449	-0.07685347646474838	0.3516976237297058	n/a	0.3605494201183319	0.26579535007476807	0.021507371217012405	-0.11264455318450928	0.1120690107345581	-0.18943801522254944	0.24548621475696564	0.05081787705421448	-0.025995247066020966	-0.009426960721611977	-0.004685778636485338	0.07703236490488052	0.09672000259160995	0.17351774871349335	0.44383180141448975	0.08982565999031067	0.3699062168598175	-0.21042880415916443	-0.058973804116249084	-0.03132319077849388	0.20748592913150787	-0.09774457663297653	-0.09641032665967941	-0.009968086145818233	0.058619994670152664	0.34554120898246765	n/a	0.07208772748708725	0.013806935399770737	-0.21911416947841644	0.08160290867090225	-0.1833912879228592	0.18919554352760315	0.05057217553257942	-0.03858683258295059	0.16235943138599396	-0.06661838293075562	0.13443848490715027	0.23121044039726257	0.08063985407352448	0.21454893052577972	-0.07304389029741287	-0.06737983971834183	-0.006595290265977383	-0.04484737291932106	0.19340288639068604	-0.21506044268608093	-0.028133654966950417	-0.0482255220413208	0.10677524656057358	0.043042805045843124	-0.11772846430540085	0.27809837460517883	0.03603581339120865	-0.05433989688754082	0.24051082134246826	0.35130575299263	0.2623122036457062	0.07005888223648071	0.19564460217952728	0.5069725513458252	1.0	-0.12363968044519424	0.36162248253822327	0.07230978459119797	0.02609029971063137	0.16468316316604614	0.3198555111885071	0.17311130464076996	0.10668209195137024	0.07441079616546631	0.17997904121875763
DMN_LABEL_71	0.28614601492881775	0.009425140917301178	-0.38944315910339355	-0.25362008810043335	0.11598923802375793	0.03886820003390312	-0.06120091676712036	n/a	-0.04288235306739807	-0.48804983496665955	-0.1277725100517273	-0.4814719259738922	-0.012891550548374653	0.24433733522891998	-0.3367331624031067	0.3684561550617218	-0.3222860097885132	0.25814443826675415	0.4409344494342804	-0.4076530337333679	-0.3388378322124481	-0.018876375630497932	-0.19699501991271973	0.1926555186510086	-0.008263073861598969	0.3583034873008728	0.0327901616692543	0.580540120601654	0.013083169236779213	-0.24798430502414703	-0.3702724277973175	-0.013702315278351307	0.06796791404485703	-0.21054208278656006	n/a	-0.5452821850776672	-0.012140994891524315	-0.4565354585647583	-0.20945270359516144	0.02451741322875023	-0.14876262843608856	-0.35804009437561035	0.3691655695438385	-0.155465230345726	-0.28374525904655457	0.22526760399341583	-0.0348983108997345	0.18097692728042603	0.033891141414642334	0.5379586815834045	-0.424134224653244	0.022433320060372353	0.327790230512619	0.31548383831977844	0.1468305140733719	0.09263026714324951	-0.15660515427589417	-0.1757683902978897	-0.24595504999160767	-0.291581928730011	-0.11330064386129379	-0.13642530143260956	0.5323312878608704	0.17832441627979279	0.1923166960477829	-0.32997480034828186	0.1167558878660202	0.10945013165473938	0.17277635633945465	-0.12363968044519424	1.0	0.20071397721767426	-0.10588572174310684	-0.0052923765033483505	-0.004199035931378603	-0.18270203471183777	-0.05805078148841858	-0.16850417852401733	0.19621340930461884	-0.036618947982788086
FP_LABEL_72	0.23992078006267548	-0.007926157675683498	0.15530802309513092	0.0978308916091919	-0.27302291989326477	0.2685372233390808	0.0636199489235878	n/a	0.1453913003206253	0.003344479948282242	-0.0805593803524971	-0.10633987188339233	0.18761591613292694	-0.20639988780021667	0.1568632870912552	0.466688334941864	-0.006811055354773998	0.3684788942337036	0.4289664626121521	-0.13786907494068146	-0.13759306073188782	-0.07237979769706726	0.08856084197759628	0.032024793326854706	0.38024431467056274	-0.34247368574142456	0.1396201103925705	0.18590828776359558	-0.0666869506239891	0.014063574373722076	-0.18538518249988556	0.022105805575847626	-0.009880469180643559	0.21284034848213196	n/a	0.008506382815539837	0.12454047799110413	-0.2958313226699829	0.060937076807022095	-0.36943763494491577	-0.008379167877137661	-0.0621839202940464	0.3200910687446594	0.19305506348609924	-0.12905296683311462	0.24680913984775543	-0.09959211945533752	0.036237895488739014	0.2095998376607895	0.3259088099002838	-0.09642665833234787	-0.2075997143983841	0.2805284261703491	0.012469258159399033	-0.2168348729610443	-0.24070720374584198	-0.24950659275054932	-0.0023699384182691574	-0.012051974423229694	-0.17680767178535461	-0.11552689969539642	0.022129293531179428	0.1828354150056839	0.40079769492149353	0.4507758617401123	0.1846066117286682	0.16110144555568695	0.2683658301830292	0.3876481056213379	0.36162248253822327	0.20071397721767426	1.0	0.015302981249988079	-0.04264426976442337	0.028731174767017365	0.08682400733232498	-0.11836904287338257	0.038929346948862076	-0.09069422632455826	-0.07330327481031418
SMd_LABEL_73	0.24568414688110352	0.13878528773784637	0.18113645911216736	0.45983371138572693	-0.188043013215065	0.07973671704530716	-0.03822929784655571	n/a	0.18272094428539276	0.3054777681827545	0.035783253610134125	0.01337569672614336	0.4891377091407776	-0.2608775496482849	-0.10170216113328934	0.19953452050685883	-0.2132999747991562	0.0739649087190628	0.13451427221298218	0.12909643352031708	-0.06345321238040924	0.3378188908100128	-0.15593937039375305	-0.09374549984931946	0.4035017788410187	-0.35718950629234314	-0.03361421078443527	0.16817422211170197	0.14573872089385986	0.532551646232605	0.4587641656398773	0.22159720957279205	-0.03655622527003288	0.22245241701602936	n/a	0.37726864218711853	0.0887392908334732	0.39577245712280273	0.2190564125776291	0.06059058755636215	0.3593573272228241	0.5308291912078857	0.2880617082118988	0.322549432516098	0.146141916513443	-0.06081468239426613	-0.08070982992649078	0.11402174085378647	0.2828199863433838	0.28492602705955505	0.19025079905986786	-0.07429665327072144	-0.07980702817440033	0.3669285178184509	0.047190431505441666	0.27096524834632874	0.41285303235054016	-0.11492076516151428	-0.0807771310210228	0.4072931706905365	-0.1528373658657074	0.45961225032806396	-0.2883319854736328	0.238677516579628	0.1260569840669632	0.36052030324935913	0.029570529237389565	0.5430137515068054	0.21708162128925323	0.07230978459119797	-0.10588572174310684	0.015302981249988079	1.0	0.6033416390419006	0.06371830403804779	0.1564466804265976	-0.08240464329719543	-0.05283850431442261	0.09930717200040817	-0.20266899466514587
SMl_LABEL_74	0.125233992934227	-0.00849312637001276	0.41631418466567993	0.29867851734161377	-0.35927635431289673	-0.06468478590250015	-0.0730707123875618	n/a	0.03325255960226059	0.27498725056648254	0.017777424305677414	-0.05937580391764641	0.5501208901405334	-0.1339946985244751	0.21615540981292725	0.09362683445215225	0.3081493079662323	0.1347251981496811	-0.10353648662567139	0.29982781410217285	0.11960718780755997	0.5453819632530212	-0.12774986028671265	-0.1770668476819992	0.33037468791007996	-0.3077256381511688	0.015099426731467247	0.15129272639751434	-0.015449552796781063	0.5615609884262085	0.4978567957878113	-0.011711062863469124	-0.3508622646331787	0.04944702982902527	n/a	0.23394130170345306	0.15017467737197876	0.32311952114105225	0.2974584400653839	0.20198415219783783	0.5921840667724609	0.42396605014801025	0.2864050567150116	0.1824404001235962	0.4572683274745941	-0.19446679949760437	0.02145996317267418	0.052750080823898315	0.5709661245346069	0.2869066298007965	-0.145381897687912	-0.15795394778251648	-0.008024591021239758	0.3419002294540405	-0.22870701551437378	0.2017315924167633	0.34147682785987854	0.11174225062131882	0.23705974221229553	0.2829188108444214	-0.08643078058958054	0.2901431918144226	-0.04597068578004837	0.061357609927654266	0.1299256831407547	0.20789673924446106	0.2470133751630783	0.5270261168479919	0.033593740314245224	0.02609029971063137	-0.0052923765033483505	-0.04264426976442337	0.6033416390419006	1.0	-0.02361479215323925	0.10768207162618637	0.014725367538630962	-0.1547008603811264	0.09424903988838196	-0.23110415041446686
MTL_LABEL_75	0.5121626257896423	0.7130914330482483	-0.16984370350837708	0.26444125175476074	-0.19299279153347015	0.07601626217365265	0.6973991394042969	n/a	0.6567410230636597	0.0370231494307518	0.21152202785015106	-0.5427701473236084	-0.18799027800559998	0.1302693486213684	-0.005929772742092609	0.3599655032157898	-0.22701460123062134	0.3542739450931549	0.23337297141551971	0.013908492401242256	-0.030527779832482338	0.16316010057926178	0.1608446091413498	0.48613592982292175	0.5899599194526672	-0.12886419892311096	0.1048009917140007	0.044580791145563126	0.6569256782531738	-0.03752974793314934	0.05297054350376129	-0.12919585406780243	0.4368293881416321	0.608745276927948	n/a	0.049940697848796844	0.14344361424446106	-0.3986465036869049	-0.15692824125289917	-0.08230037987232208	-0.20766553282737732	0.1519879698753357	0.24219036102294922	-0.015473530627787113	-0.34385499358177185	0.186445951461792	0.09285276383161545	0.5898758769035339	0.03740118443965912	0.2693077027797699	-0.13468629121780396	-0.10457552224397659	0.03956429287791252	0.43427008390426636	0.12953312695026398	0.321787565946579	0.11055398732423782	0.0603506825864315	0.10949724912643433	-0.03680935874581337	0.23142646253108978	0.26464715600013733	-0.1813380867242813	0.15910901129245758	0.39140090346336365	0.25774914026260376	0.270259827375412	-0.12466353178024292	0.18814893066883087	0.16468316316604614	-0.004199035931378603	0.028731174767017365	0.06371830403804779	-0.02361479215323925	1.0	0.4457288980484009	0.2853981852531433	0.18480874598026276	0.4671024680137634	0.04102722555398941
MTL_LABEL_76	0.35510197281837463	0.3683677017688751	0.03746333345770836	0.3534907102584839	-0.20153211057186127	0.24485936760902405	0.5139493942260742	n/a	0.6339994072914124	0.49660515785217285	0.14585192501544952	-0.3236205279827118	0.07102002948522568	0.11473001539707184	-0.06665436923503876	0.30264797806739807	-0.07744812220335007	0.42069652676582336	0.14806750416755676	-0.0012805636506527662	0.215982586145401	-0.10775583982467651	0.06618649512529373	0.19585293531417847	0.38257238268852234	-0.2906666696071625	-0.01096990704536438	-0.12314426153898239	0.35444095730781555	-0.09708516299724579	0.4288695454597473	0.10347162187099457	0.08424762636423111	0.4643988609313965	n/a	0.21155472099781036	0.16570861637592316	-0.3334481418132782	0.14212612807750702	0.16095340251922607	-0.17032299935817719	0.32742199301719666	0.1863749474287033	0.2848345935344696	0.11844804137945175	0.24033713340759277	-0.03377293795347214	0.33881860971450806	0.20712849497795105	0.1945313662290573	-0.16367915272712708	-0.13760167360305786	0.26836374402046204	0.18448364734649658	-0.02353721112012863	-0.14729157090187073	0.16572058200836182	0.11755545437335968	0.20370852947235107	-0.11439873278141022	0.2519403100013733	0.15225236117839813	-0.3666999936103821	0.13876506686210632	0.3568776845932007	0.34712108969688416	0.31202855706214905	0.1056380495429039	0.06332644820213318	0.3198555111885071	-0.18270203471183777	0.08682400733232498	0.1564466804265976	0.10768207162618637	0.4457288980484009	1.0	0.14721815288066864	0.22465963661670685	0.009204521775245667	0.24198180437088013
CO_LABEL_77	-0.13764110207557678	0.22984011471271515	-0.18591883778572083	-0.0076859560795128345	-0.1755889356136322	-0.06807003915309906	0.150191068649292	n/a	0.05672736465930939	0.0040581184439361095	-0.08553265035152435	-0.0462791882455349	-0.0076287733390927315	-0.11068116873502731	0.09721297770738602	-0.17614933848381042	0.2911848723888397	-0.03458574041724205	-0.20321571826934814	0.28215041756629944	0.15982593595981598	0.23564524948596954	0.15374642610549927	0.10563740879297256	0.0793941542506218	0.006442655343562365	-0.19838954508304596	-0.2237507402896881	0.25099119544029236	-0.0058964816853404045	0.06334225088357925	0.009818709455430508	0.10262326896190643	0.21683800220489502	n/a	0.09119700640439987	0.2747128903865814	-0.0452507808804512	-0.06611619889736176	-0.20323492586612701	0.005390595644712448	0.26718759536743164	-0.16461054980754852	-0.11475171893835068	0.09898171573877335	0.06625321507453918	0.23893676698207855	0.27758705615997314	0.08906560391187668	-0.20536290109157562	-0.0966317430138588	-0.3707159757614136	-0.06944366544485092	-0.00010798418225022033	-0.10537698119878769	-0.06705309450626373	0.045143671333789825	0.23118166625499725	0.27324607968330383	0.07518374919891357	0.059280529618263245	0.037769999355077744	0.045871708542108536	0.08944807946681976	0.2910221517086029	-0.04581550136208534	0.06267746537923813	0.26086562871932983	0.04608188569545746	0.17311130464076996	-0.05805078148841858	-0.11836904287338257	-0.08240464329719543	0.014725367538630962	0.2853981852531433	0.14721815288066864	1.0	0.07384694367647171	0.43249356746673584	-0.06882471591234207
CO_LABEL_78	0.15809008479118347	0.06522555649280548	0.07376624643802643	0.5186497569084167	-0.008821816183626652	0.0887661799788475	0.26914265751838684	n/a	0.44246789813041687	0.429112046957016	0.4279940724372864	-0.05484704673290253	0.0518127903342247	0.4400436282157898	0.4184044897556305	0.1226997822523117	0.09413919597864151	0.3033868670463562	0.2977502942085266	0.14072535932064056	0.5186259150505066	0.05612502247095108	-0.08879699558019638	0.015485743060708046	0.11095400154590607	-0.17157524824142456	0.3681192398071289	0.16966864466667175	0.04243732988834381	-0.09452852606773376	0.2680015563964844	-0.27296075224876404	-0.09341934323310852	0.24698641896247864	n/a	0.4871006906032562	0.4307888448238373	-0.09495274722576141	0.03140956163406372	-0.03917958214879036	-0.20814035832881927	0.017987249419093132	0.005163006018847227	0.3162807822227478	-0.06894437968730927	0.4650008976459503	-0.30239683389663696	-0.1642754077911377	-0.3423120081424713	-0.10783524811267853	0.17897531390190125	-0.17203447222709656	0.4020206034183502	-0.12784117460250854	0.06499505043029785	0.08050572127103806	-0.18698903918266296	0.527664840221405	0.5709230899810791	0.30311545729637146	0.07360339164733887	0.18446435034275055	-0.5732337236404419	-0.020511994138360023	0.09500657767057419	0.24549736082553864	-0.11148930341005325	-0.2074805349111557	0.07078856974840164	0.10668209195137024	-0.16850417852401733	0.038929346948862076	-0.05283850431442261	-0.1547008603811264	0.18480874598026276	0.22465963661670685	0.07384694367647171	1.0	-0.11689990013837814	0.26962199807167053
Vis_LABEL_79	0.062134403735399246	0.5550569295883179	-0.3471630811691284	-0.1302049160003662	-0.11948136985301971	-0.08291439712047577	0.3551695942878723	n/a	0.10030128806829453	-0.23147597908973694	0.02748003602027893	-0.4053691029548645	-0.3535304367542267	-0.2034241259098053	-0.12256981432437897	-0.06901475787162781	-0.16976164281368256	-0.04771920666098595	-0.028777524828910828	0.02927258610725403	0.0014286971418187022	0.30832988023757935	0.21089501678943634	0.2093695104122162	0.2420300543308258	0.007192224729806185	-0.3253517150878906	-0.03652573004364967	0.6017409563064575	0.058876942843198776	-0.17800681293010712	-0.11430151760578156	0.28464484214782715	0.42711472511291504	n/a	0.0015792112099006772	0.2237134873867035	-0.018065914511680603	-0.20755529403686523	-0.21242330968379974	0.08132455497980118	0.20147758722305298	-0.02727687358856201	-0.31347858905792236	-0.20481561124324799	0.10861276090145111	0.394486665725708	0.508928120136261	0.0638839453458786	0.0017902288818731904	-0.23321913182735443	-0.3060706555843353	-0.14808645844459534	0.3731614947319031	-0.11576195806264877	0.13531675934791565	-0.004574306774884462	0.08318349719047546	-0.04510461911559105	0.10568615794181824	0.23252259194850922	-0.012493686750531197	-0.026868635788559914	0.19716697931289673	0.26894623041152954	-0.044319454580545425	0.1711064726114273	0.09706276655197144	0.19951015710830688	0.07441079616546631	0.19621340930461884	-0.09069422632455826	0.09930717200040817	0.09424903988838196	0.4671024680137634	0.009204521775245667	0.43249356746673584	-0.11689990013837814	1.0	-0.008983368054032326
Vis_LABEL_80	0.10588324069976807	0.1138148084282875	-0.08634883910417557	0.03704233467578888	0.08632965385913849	-0.06180299073457718	0.3076357841491699	n/a	0.366192489862442	0.23224382102489471	0.271259069442749	0.068720243871212	-0.08614427596330643	0.03449149429798126	0.023468974977731705	0.0076799290254712105	-0.22135229408740997	-0.10203009098768234	-0.0778912901878357	-0.09110720455646515	0.16373352706432343	-0.20222733914852142	0.414777934551239	0.38291028141975403	-0.061683256179094315	0.08839946240186691	-0.044997863471508026	0.004421447403728962	0.14264237880706787	-0.2942012548446655	0.03312995284795761	-0.1947367787361145	0.2952943444252014	-0.008041227236390114	n/a	0.17901009321212769	0.03763888031244278	-0.18067288398742676	-0.07332783192396164	-0.044719550758600235	-0.061964672058820724	-0.2173571139574051	-0.17770899832248688	0.07353102415800095	-0.15290233492851257	0.24990533292293549	0.29324522614479065	0.13203416764736176	-0.24415715038776398	-0.21737083792686462	0.1049976572394371	0.03197817876935005	0.1467868536710739	-0.14305776357650757	0.24274946749210358	0.0681389719247818	-0.11023309081792831	0.31421568989753723	0.2160569131374359	0.016669893637299538	0.4945129156112671	0.04065685719251633	-0.18912391364574432	-0.08442586660385132	0.16615130007266998	0.1298246830701828	-0.009405532851815224	-0.2679533064365387	0.1617784947156906	0.17997904121875763	-0.036618947982788086	-0.07330327481031418	-0.20266899466514587	-0.23110415041446686	0.04102722555398941	0.24198180437088013	-0.06882471591234207	0.26962199807167053	-0.008983368054032326	1.0
